0	18.381		0.0
1	16.3788		0.0
2	15.6545		0.0
3	15.1057		0.0
4	14.5229		0.0
5	14.0514		0.0
6	13.2514		0.0
7	12.8774		0.0
8	12.4694		0.0
9	11.9345		0.0
10	11.5946		0.0
11	11.2597		0.0
12	11.0555		0.0
13	10.7313		0.0
14	10.4578		0.0
15	10.2637		0.0
16	10.0219		0.0
17	9.78944		0.0
18	9.76162		0.0
19	9.51813		0.0
20	9.27727		0.0
21	9.17405		0.0
22	8.98528		0.0
23	8.77351		0.0
24	8.58774		0.0
25	8.56573		0.0
26	8.45454		0.0
27	8.33145		0.0
28	8.13282		0.0
29	8.09177		0.0
30	8.01802		0.0
31	7.9258		0.0
32	7.91208		0.0
33	7.76717		0.0
34	7.65696		0.0
35	7.64324		0.0
36	7.59486		0.0
37	7.45462		0.0
38	7.43082		0.0
39	7.43513		0.0
40	7.31526		0.0
41	7.28362		0.0
42	7.12557		0.0
43	7.07739		0.0
44	7.03734		0.0
45	6.95135		0.0
46	6.83858		0.0
47	6.89414		0.0
48	6.85521		0.0
49	6.78918		0.0
50	6.86145		0.0
51	6.7239		0.0
52	6.65246		0.0
53	6.61709		0.0
54	6.69707		0.0
55	6.65955		0.0
56	6.62775		0.0
57	6.52231		0.0
58	6.53134		0.0
59	6.51297		0.0
60	6.47624		0.0
61	6.49527		0.0
62	6.46157		0.0
63	6.45693		0.0
64	6.46822		0.0
65	6.43822		0.0
66	6.3848		0.0
67	6.26602		0.0
68	6.34189		0.0
69	6.38722		0.0
70	6.45588		0.0
71	6.28983		0.0
72	6.22564		0.0
73	6.21679		0.0
74	6.1734		0.0
75	6.21239		0.0
76	6.15673		0.0
77	6.08136		0.0
78	6.03415		0.0
79	6.09406		0.0
80	5.99494		0.0
81	6.09036		0.0
82	5.86405		0.0
83	5.96023		0.0
84	5.77935		0.0
85	5.81549		0.0
86	5.81554		0.0
87	5.70415		0.0
88	5.69863		0.0
89	5.71207		0.0
90	5.55208		0.0
91	5.64056		0.0
92	5.6552		0.0
93	5.64484		0.0
94	5.48136		0.0
95	5.62009		0.0
96	5.61981		0.0
97	5.51011		0.0
98	5.53406		0.0
99	5.53481		0.0
100	5.44742		0.0
101	5.43631		0.0
102	5.45757		0.0
103	5.49778		0.0
104	5.48951		0.0
105	5.54696		0.0
106	5.43532		0.0
107	5.53173		0.0
108	5.39888		0.0
109	5.48293		0.0
110	5.50147		0.0
111	5.39795		0.0
112	5.43128		0.0
113	5.31048		0.0
114	5.34147		0.0
115	5.38299		0.0
116	5.26907		0.0
117	5.35698		0.0
118	5.35264		0.0
119	5.40975		0.0
120	5.32059		0.0
121	5.34476		0.0
122	5.39446		0.0
123	5.27582		0.0
124	5.6166		0.0
125	5.28407		0.0
126	5.31627		0.0
127	5.43978		0.0
128	5.35537		0.0
129	5.49333		0.0
130	5.46377		0.0
131	5.32538		0.0
132	5.36103		0.0
133	5.48489		0.0
134	5.40315		0.0
135	5.31044		0.0
136	5.52466		0.0
137	5.41598		0.0
138	5.33994		0.0
139	5.42926		0.0
140	5.43268		0.0
141	5.28188		0.0
142	5.27277		0.0
143	5.49399		0.0
144	5.51729		0.0
145	5.43842		0.0
146	5.38441		0.0
147	5.47429		0.0
148	5.4825		0.0
149	5.36977		0.0
150	5.41537		0.0
151	5.30494		0.0
152	5.32679		0.0
153	5.31241		0.0
154	5.39337		0.0
155	5.25954		0.0
156	5.3142		0.0
157	5.24252		0.0
158	5.38067		0.0
159	5.38611		0.0
160	5.33133		0.0
161	5.33021		0.0
162	5.36197		0.0
163	5.4599		0.0
164	5.51334		0.0
165	5.33097		0.0
166	5.39077		0.0
167	5.34065		0.0
168	5.23036		0.0
169	5.30293		0.0
170	5.28159		0.0
171	5.35625		0.0
172	5.24701		0.0
173	5.21984		0.0
174	5.28875		0.0
175	5.26422		0.0
176	5.23151		0.0
177	5.31264		0.0
178	5.30916		0.0
179	5.20448		0.0
180	5.40782		0.0
181	5.24772		0.0
182	5.2671		0.0
183	5.32189		0.0
184	5.17807		0.0
185	5.47866		0.0
186	5.548		0.0
187	5.59381		0.0
188	5.35487		0.0
189	5.25125		0.0
190	5.48071		0.0
191	5.42587		0.0
192	5.44041		0.0
193	5.47976		0.0
194	5.42022		0.0
195	5.47231		0.0
196	5.41747		0.0
197	5.35359		0.0
198	5.2639		0.0
199	5.49005		0.0
200	5.36307		0.0
201	5.56604		0.0
202	5.44192		0.0
203	5.50353		0.0
204	5.54023		0.0
205	5.44618		0.0
206	5.39637		0.0
207	5.53392		0.0
208	5.53204		0.0
209	5.44707		0.0
210	5.57781		0.0
211	5.55715		0.0
212	5.8125		0.0
213	5.50627		0.0
214	5.5319		0.0
215	5.62941		0.0
216	5.57468		0.0
217	5.70528		0.0
218	5.55947		0.0
219	5.46196		0.0
220	5.52503		0.0
221	5.59371		0.0
222	5.60454		0.0
223	5.5645		0.0
224	5.69479		0.0
225	5.53137		0.0
226	5.48478		0.0
227	5.60071		0.0
228	5.56398		0.0
229	5.53642		0.0
230	5.56204		0.0
231	5.62309		0.0
232	5.47686		0.0
233	5.61474		0.0
234	5.49687		0.0
235	5.57135		0.0
236	5.53906		0.0
237	5.52807		0.0
238	5.52657		0.0
239	5.64891		0.0
240	5.6138		0.0
241	5.70956		0.0
242	5.5754		0.0
243	5.6605		0.0
244	5.76485		0.0
245	5.72595		0.0
246	5.72843		0.0
247	5.81241		0.0
248	5.74803		0.0
249	5.74931		0.0
250	5.79865		0.0
251	5.83107		0.0
252	5.83834		0.0
253	5.64613		0.0
254	5.96594		0.0
255	5.85333		0.0
256	5.89647		0.0
257	5.87012		0.0
258	5.82076		0.0
259	5.93296		0.0
260	5.85036		0.0
261	5.91566		0.0
262	5.8664		0.0
263	5.86793		0.0
264	5.66414		0.0
265	5.77405		0.0
266	5.87912		0.0
267	5.87178		0.0
268	5.88997		0.0
269	5.92895		0.0
270	5.86388		0.0
271	5.99938		0.0
272	5.88661		0.0
273	5.97806		0.0
274	5.84253		0.0
275	5.9165		0.0
276	5.97682		0.0
277	5.95284		0.0
278	5.96941		0.0
279	6.09768		0.0
280	5.97502		0.0
281	6.02793		0.0
282	6.0424		0.0
283	6.07259		0.0
284	6.19232		0.0
285	6.42633		0.0
286	6.2779		0.0
287	6.27955		0.0
288	6.2689		0.0
289	6.20854		0.0
290	6.15236		0.0
291	6.23855		0.0
292	6.28363		0.0
293	6.4542		0.0
294	6.27068		0.0
295	6.26198		0.0
296	6.44553		0.0
297	6.42066		0.0
298	6.20141		0.0
299	6.23566		0.0
300	6.36575		0.0
301	6.4585		0.0
302	6.36343		0.0
303	6.37766		0.0
304	6.42453		0.0
305	6.3566		0.0
306	6.40705		0.0
307	6.23541		0.0
308	6.269		0.0
309	6.31917		0.0
310	6.45013		0.0
311	6.43566		0.0
312	6.41678		0.0
313	6.48638		0.0
314	6.45085		0.0
315	6.46274		0.0
316	6.54134		0.0
317	6.56816		0.0
318	6.4706		0.0
319	6.58626		0.0
320	6.55782		0.0
321	6.61786		0.0
322	6.66812		0.0
323	6.72396		0.0
324	6.67671		0.0
325	6.77101		0.0
326	6.71935		0.0
327	6.88717		0.0
328	6.8358		0.0
329	6.79025		0.0
330	6.97532		0.0
331	6.88521		0.0
332	6.78423		0.0
333	6.9243		0.0
334	6.78233		0.0
335	6.7966		0.0
336	6.90318		0.0
337	7.04905		0.0
338	6.99447		0.0
339	6.90994		0.0
340	6.95101		0.0
341	6.94935		0.0
342	6.94026		0.0
343	7.05238		0.0
344	7.02789		0.0
345	6.89964		0.0
346	7.04353		0.0
347	7.00615		0.0
348	7.13314		0.0
349	6.96219		0.0
350	7.17517		0.0
351	7.13824		0.0
352	7.21699		0.0
353	7.31597		0.0
354	7.20136		0.0
355	7.2617		0.0
356	7.2971		0.0
357	7.34906		0.0
358	7.51026		0.0
359	7.56946		0.0
360	7.63675		0.0
361	7.71221		0.0
362	7.57624		0.0
363	7.74501		0.0
364	7.84296		0.0
365	7.78259		0.0
366	7.99318		0.0
367	7.86463		0.0
368	8.02545		0.0
369	7.87574		0.0
370	7.96244		0.0
371	7.99273		0.0
372	8.1273		0.0
373	7.9209		0.0
374	8.12001		0.0
375	8.14717		0.0
376	8.05927		0.0
377	8.07963		0.0
378	8.18256		0.0
379	8.18606		0.0
380	8.19473		0.0
381	8.21446		0.0
382	8.2927		0.0
383	8.40004		0.0
384	8.25827		0.0
385	8.26722		0.0
386	8.37591		0.0
387	8.33072		0.0
388	8.40654		0.0
389	8.45673		0.0
390	8.57328		0.0
391	8.33794		0.0
392	8.46297		0.0
393	8.42412		0.0
394	8.48729		0.0
395	8.46595		0.0
396	8.59208		0.0
397	8.4089		0.0
398	8.40934		0.0
399	8.52441		0.0
400	8.53896		0.0
401	8.60095		0.0
402	8.63016		0.0
403	8.49418		0.0
404	8.64055		0.0
405	8.56151		0.0
406	8.5806		0.0
407	8.73789		0.0
408	8.63328		0.0
409	8.47146		0.0
410	8.7552		0.0
411	8.62475		0.0
412	8.7914		0.0
413	8.59874		0.0
414	8.6918		0.0
415	8.82833		0.0
416	8.86909		0.0
417	8.80324		0.0
418	8.74271		0.0
419	8.86492		0.0
420	8.79138		0.0
421	8.94339		0.0
422	8.87496		0.0
423	8.73596		0.0
424	8.88906		0.0
425	8.7905		0.0
426	8.98099		0.0
427	9.004		0.0
428	9.07847		0.0
429	9.00737		0.0
430	9.1067		0.0
431	9.13135		0.0
432	9.06742		0.0
433	9.16443		0.0
434	9.18223		0.0
435	9.2223		0.0
436	9.229		0.0
437	9.3083		0.0
438	9.28884		0.0
439	9.29968		0.0
440	9.21757		0.0
441	9.14288		0.0
442	9.37803		0.0
443	9.26288		0.0
444	9.43082		0.0
445	9.45688		0.0
446	9.43865		0.0
447	9.47752		0.0
448	9.55321		0.0
449	9.47938		0.0
450	9.45353		0.0
451	9.49973		0.0
452	9.49815		0.0
453	9.5833		0.0
454	9.63561		0.0
455	9.69932		0.0
456	9.58871		0.0
457	9.72337		0.0
458	9.83811		0.0
459	9.78956		0.0
460	9.81393		0.0
461	9.7792		0.0
462	9.68722		0.0
463	9.80345		0.0
464	9.92198		0.0
465	9.90652		0.0
466	9.93161		0.0
467	9.92749		0.0
468	9.88714		0.0
469	10.0919		0.0
470	10.0871		0.0
471	9.96234		0.0
472	10.1779		0.0
473	9.95049		0.0
474	10.2173		0.0
475	10.1338		0.0
476	10.0726		0.0
477	10.1683		0.0
478	10.2751		0.0
479	10.1825		0.0
480	10.3391		0.0
481	10.2798		0.0
482	10.2964		0.0
483	10.4589		0.0
484	10.4467		0.0
485	10.5943		0.0
486	10.507		0.0
487	10.6095		0.0
488	10.5639		0.0
489	10.6046		0.0
490	10.7349		0.0
491	10.8597		0.0
492	10.8698		0.0
493	10.8264		0.0
494	10.7967		0.0
495	10.9909		0.0
496	11.0555		0.0
497	11.1318		0.0
498	11.2485		0.0
499	11.4495		0.0
500	11.1982		0.0
501	11.3396		0.0
502	11.3796		0.0
503	11.602		0.0
504	11.7651		0.0
505	11.9556		0.0
506	11.9749		0.0
507	12.0455		0.0
508	12.2863		0.0
509	12.4038		0.0
510	12.0995		0.0
511	12.4578		0.0
512	12.5508		0.0
513	12.4751		0.0
514	12.6355		0.0
515	12.7235		0.0
516	12.5498		0.0
517	12.5062		0.0
518	12.7055		0.0
519	12.6946		0.0
520	12.6714		0.0
521	12.6878		0.0
522	12.6383		0.0
523	12.7602		0.0
524	12.7569		0.0
525	12.8027		0.0
526	12.7994		0.0
527	12.7357		0.0
528	12.8692		0.0
529	12.8193		0.0
530	12.7612		0.0
531	12.7638		0.0
532	12.8691		0.0
533	12.9597		0.0
534	12.9659		0.0
535	12.9911		0.0
536	13.0006		0.0
537	13.0015		0.0
538	12.9967		0.0
539	13.0897		0.0
540	13.0661		0.0
541	13.1032		0.0
542	13.1007		0.0
543	13.2842		0.0
544	13.1998		0.0
545	13.1872		0.0
546	13.1265		0.0
547	13.2762		0.0
548	13.2812		0.0
549	13.3073		0.0
550	13.374		0.0
551	13.398		0.0
552	13.4398		0.0
553	13.6118		0.0
554	13.5592		0.0
555	13.5488		0.0
556	13.7344		0.0
557	13.7448		0.0
558	13.8845		0.0
559	13.8952		0.0
560	13.8719		0.0
561	14.0393		0.0
562	13.9758		0.0
563	13.8764		0.0
564	14.0803		0.0
565	14.1046		0.0
566	13.9911		0.0
567	14.1292		0.0
568	14.1928		0.0
569	14.1049		0.0
570	14.1487		0.0
571	14.2852		0.0
572	14.2529		0.0
573	14.4639		0.0
574	14.2502		0.0
575	14.3546		0.0
576	14.3286		0.0
577	14.4037		0.0
578	14.4223		0.0
579	14.3964		0.0
580	14.4166		0.0
581	14.5744		0.0
582	14.475		0.0
583	14.1968		0.0
584	14.4754		0.0
585	14.4552		0.0
586	14.5684		0.0
587	14.614		0.0
588	14.6996		0.0
589	14.7553		0.0
590	14.7545		0.0
591	14.7186		0.0
592	14.9093		0.0
593	14.7559		0.0
594	14.9162		0.0
595	14.8488		0.0
596	15.0487		0.0
597	15.2052		0.0
598	15.192		0.0
599	15.2598		0.0
600	15.3513		0.0
601	15.4158		0.0
602	15.3079		0.0
603	15.3757		0.0
604	15.5514		0.0
605	15.5331		0.0
606	15.4993		0.0
607	15.7122		0.0
608	15.6849		0.0
609	15.7783		0.0
610	15.9125		0.0
611	15.8496		0.0
612	15.9644		0.0
613	15.9853		0.0
614	16.0293		0.0
615	15.9647		0.0
616	16.1634		0.0
617	16.118		0.0
618	16.0231		0.0
619	16.3401		0.0
620	16.1057		0.0
621	16.137		0.0
622	16.2436		0.0
623	16.3221		0.0
624	16.226		0.0
625	16.2848		0.0
626	16.4981		0.0
627	16.3196		0.0
628	16.4037		0.0
629	16.4099		0.0
630	16.5625		0.0
631	16.4817		0.0
632	16.5365		0.0
633	16.6266		0.0
634	16.7354		0.0
635	16.667		0.0
636	16.5926		0.0
637	16.6234		0.0
638	16.7313		0.0
639	16.8342		0.0
640	16.7366		0.0
641	16.7724		0.0
642	16.9127		0.0
643	16.8543		0.0
644	17.0036		0.0
645	16.8207		0.0
646	16.9572		0.0
647	17.001		0.0
648	16.938		0.0
649	16.9861		0.0
650	17.0249		0.0
651	16.9957		0.0
652	17.1023		0.0
653	17.0139		0.0
654	16.9396		0.0
655	17.09		0.0
656	17.1052		0.0
657	17.1514		0.0
658	17.1352		0.0
659	17.0197		0.0
660	17.2864		0.0
661	17.2608		0.0
662	17.3383		0.0
663	17.2295		0.0
664	17.4388		0.0
665	17.5386		0.0
666	17.3348		0.0
667	17.352		0.0
668	17.5921		0.0
669	17.4358		0.0
670	17.5381		0.0
671	17.5126		0.0
672	17.5663		0.0
673	17.6106		0.0
674	17.5991		0.0
675	17.6223		0.0
676	17.6682		0.0
677	17.7274		0.0
678	17.7388		0.0
679	17.7237		0.0
680	17.9617		0.0
681	17.8917		0.0
682	17.8123		0.0
683	17.9921		0.0
684	17.9525		0.0
685	17.8292		0.0
686	17.8915		0.0
687	17.9243		0.0
688	17.9227		0.0
689	17.9765		0.0
690	18.0329		0.0
691	17.9957		0.0
692	18.0511		0.0
693	17.9538		0.0
694	18.0958		0.0
695	18.1381		0.0
696	18.1433		0.0
697	18.2347		0.0
698	18.2331		0.0
699	18.4058		0.0
700	18.3579		0.0
701	18.3999		0.0
702	18.4816		0.0
703	18.545		0.0
704	18.6797		0.0
705	18.6581		0.0
706	18.7227		0.0
707	18.8221		0.0
708	18.8913		0.0
709	18.9863		0.0
710	19.0303		0.0
711	19.0007		0.0
712	19.0804		0.0
713	19.1277		0.0
714	19.2028		0.0
715	19.2394		0.0
716	19.2217		0.0
717	19.3712		0.0
718	19.5074		0.0
719	19.4866		0.0
720	19.4952		0.0
721	19.6098		0.0
722	19.5744		0.0
723	19.7847		0.0
724	19.6481		0.0
725	19.5972		0.0
726	19.7503		0.0
727	19.8903		0.0
728	19.9411		0.0
729	19.9916		0.0
730	20.187		0.0
731	20.1086		0.0
732	20.2748		0.0
733	20.3036		0.0
734	20.5062		0.0
735	20.5467		0.0
736	20.6098		0.0
737	20.5446		0.0
738	20.5862		0.0
739	20.7754		0.0
740	20.4887		0.0
741	20.8655		0.0
742	20.8845		0.0
743	21.0586		0.0
744	20.8716		0.0
745	20.8196		0.0
746	20.7872		0.0
747	20.7679		0.0
748	20.8766		0.0
749	20.8905		0.0
750	21.0373		0.0
751	21.1336		0.0
752	21.0433		0.0
753	21.209		0.0
754	21.1488		0.0
755	21.3203		0.0
756	21.2842		0.0
757	21.3596		0.0
758	21.4208		0.0
759	21.5579		0.0
760	21.5055		0.0
761	21.5842		0.0
762	21.5607		0.0
763	21.6616		0.0
764	21.7266		0.0
765	21.7647		0.0
766	21.8197		0.0
767	21.9539		0.0
768	21.9211		0.0
769	21.9004		0.0
770	21.9685		0.0
771	21.998		0.0
772	22.109		0.0
773	22.2558		0.0
774	22.1904		0.0
775	22.1519		0.0
776	22.2393		0.0
777	22.3763		0.0
778	22.4647		0.0
779	22.5407		0.0
780	22.528		0.0
781	22.5959		0.0
782	22.5882		0.0
783	22.7129		0.0
784	22.797		0.0
785	22.8923		0.0
786	22.8413		0.0
787	22.9022		0.0
788	22.7938		0.0
789	22.8287		0.0
790	22.838		0.0
791	23.0637		0.0
792	23.1166		0.0
793	23.1156		0.0
794	23.082		0.0
795	23.1922		0.0
796	23.2385		0.0
797	23.2771		0.0
798	23.2895		0.0
799	23.4047		0.0
800	23.4539		0.0
801	23.5019		0.0
802	23.4761		0.0
803	23.452		0.0
804	23.5893		0.0
805	23.5875		0.0
806	23.8514		0.0
807	23.6597		0.0
808	23.7454		0.0
809	23.8108		0.0
810	23.9638		0.0
811	24.0611		0.0
812	24.119		0.0
813	24.1178		0.0
814	24.1162		0.0
815	24.4202		0.0
816	24.0884		0.0
817	24.1933		0.0
818	24.2078		0.0
819	24.3506		0.0
820	24.3626		0.0
821	24.517		0.0
822	24.3609		0.0
823	24.5628		0.0
824	24.5042		0.0
825	24.6549		0.0
826	24.7092		0.0
827	24.7901		0.0
828	24.7989		0.0
829	24.7955		0.0
830	24.8613		0.0
831	24.9047		0.0
832	25.0406		0.0
833	25.1999		0.0
834	25.1875		0.0
835	25.3654		0.0
836	25.2788		0.0
837	25.2592		0.0
838	25.4579		0.0
839	25.4575		0.0
840	25.5067		0.0
841	25.508		0.0
842	25.5661		0.0
843	25.6669		0.0
844	25.7597		0.0
845	25.7283		0.0
846	25.734		0.0
847	25.7868		0.0
848	25.8285		0.0
849	25.8801		0.0
850	26.0022		0.0
851	26.0429		0.0
852	25.9986		0.0
853	26.0781		0.0
854	26.0259		0.0
855	26.1816		0.0
856	26.1187		0.0
857	26.3134		0.0
858	26.2136		0.0
859	26.3733		0.0
860	26.332		0.0
861	26.4303		0.0
862	26.4179		0.0
863	26.4274		0.0
864	26.5687		0.0
865	26.5286		0.0
866	26.6995		0.0
867	26.607		0.0
868	26.7056		0.0
869	26.6934		0.0
870	26.7962		0.0
871	26.9364		0.0
872	26.8588		0.0
873	27.0398		0.0
874	27.02		0.0
875	27.0496		0.0
876	27.2206		0.0
877	27.1916		0.0
878	27.2952		0.0
879	27.3714		0.0
880	27.4193		0.0
881	27.5012		0.0
882	27.4714		0.0
883	27.5657		0.0
884	27.6759		0.0
885	27.8363		0.0
886	27.6954		0.0
887	27.8534		0.0
888	27.7733		0.0
889	27.9065		0.0
890	28.156		0.0
891	28.0469		0.0
892	28.2462		0.0
893	28.1568		0.0
894	28.3488		0.0
895	28.3252		0.0
896	28.4629		0.0
897	28.3501		0.0
898	28.589		0.0
899	28.5383		0.0
900	28.6595		0.0
901	28.5951		0.0
902	28.6993		0.0
903	28.8002		0.0
904	28.8767		0.0
905	28.9578		0.0
906	28.9969		0.0
907	29.1143		0.0
908	29.2314		0.0
909	29.121		0.0
910	29.1319		0.0
911	29.1827		0.0
912	29.3696		0.0
913	29.399		0.0
914	29.305		0.0
915	29.5161		0.0
916	29.6595		0.0
917	29.652		0.0
918	29.6429		0.0
919	29.6368		0.0
920	29.7663		0.0
921	29.8706		0.0
922	29.8819		0.0
923	30.0786		0.0
924	30.1042		0.0
925	30.2069		0.0
926	30.1545		0.0
927	30.2561		0.0
928	30.2586		0.0
929	30.4476		0.0
930	30.2838		0.0
931	30.5179		0.0
932	30.4287		0.0
933	30.5574		0.0
934	30.6668		0.0
935	30.6728		0.0
936	30.7074		0.0
937	30.7892		0.0
938	30.8079		0.0
939	30.8609		0.0
940	30.8698		0.0
941	30.9386		0.0
942	31.027		0.0
943	31.0105		0.0
944	31.0311		0.0
945	31.1541		0.0
946	31.1693		0.0
947	31.1561		0.0
948	31.337		0.0
949	31.3123		0.0
950	31.4728		0.0
951	31.4511		0.0
952	31.5566		0.0
953	31.5198		0.0
954	31.5002		0.0
955	31.7335		0.0
956	31.7605		0.0
957	31.6853		0.0
958	31.886		0.0
959	31.8512		0.0
960	31.8294		0.0
961	31.9398		0.0
962	31.9033		0.0
963	31.9718		0.0
964	32.0136		0.0
965	32.0507		0.0
966	32.2367		0.0
967	32.3505		0.0
968	32.2457		0.0
969	32.3654		0.0
970	32.361		0.0
971	32.5538		0.0
972	32.4191		0.0
973	32.5691		0.0
974	32.6932		0.0
975	32.666		0.0
976	32.9342		0.0
977	33.1162		0.0
978	33.0859		0.0
979	33.1458		0.0
980	33.2962		0.0
981	33.2774		0.0
982	33.5204		0.0
983	33.5214		0.0
984	33.6342		0.0
985	33.7484		0.0
986	33.6744		0.0
987	33.8497		0.0
988	33.6771		0.0
989	33.9387		0.0
990	33.9979		0.0
991	33.9989		0.0
992	34.0965		0.0
993	34.2321		0.0
994	34.1952		0.0
995	34.2849		0.0
996	34.3072		0.0
997	34.4916		0.0
998	34.4781		0.0
999	34.4246		0.0
1000	34.4909		0.0
1001	34.5096		0.0
1002	34.5319		0.0
1003	34.6744		0.0
1004	34.6193		0.0
1005	34.6982		0.0
1006	34.8004		0.0
1007	34.8843		0.0
1008	34.8138		0.0
1009	34.9668		0.0
1010	35.2971		0.0
1011	35.1701		0.0
1012	35.0945		0.0
1013	35.1272		0.0
1014	35.2895		0.0
1015	35.2819		0.0
1016	35.4147		0.0
1017	35.4726		0.0
1018	35.5354		0.0
1019	35.6147		0.0
1020	35.5696		0.0
1021	35.5973		0.0
1022	35.6773		0.0
1023	35.7336		0.0
1024	35.7756		0.0
1025	35.7354		0.0
1026	35.8278		0.0
1027	35.995		0.0
1028	35.9004		0.0
1029	36.0194		0.0
1030	36.0221		0.0
1031	36.3387		0.0
1032	36.3052		0.0
1033	36.2721		0.0
1034	36.3477		0.0
1035	36.3729		0.0
1036	36.4418		0.0
1037	36.5127		0.0
1038	36.5298		0.0
1039	36.632		0.0
1040	36.8776		0.0
1041	36.8518		0.0
1042	36.788		0.0
1043	36.7827		0.0
1044	36.9852		0.0
1045	37.1316		0.0
1046	37.0975		0.0
1047	37.2077		0.0
1048	37.4796		0.0
1049	37.4561		0.0
1050	37.5871		0.0
1051	37.3581		0.0
1052	37.6928		0.0
1053	37.5891		0.0
1054	37.7975		0.0
1055	37.8282		0.0
1056	37.7531		0.0
1057	38.0124		0.0
1058	37.9018		0.0
1059	38.132		0.0
1060	38.2231		0.0
1061	38.1002		0.0
1062	38.0196		0.0
1063	38.3148		0.0
1064	38.2318		0.0
1065	38.2204		0.0
1066	38.2764		0.0
1067	38.2431		0.0
1068	38.2952		0.0
1069	38.4659		0.0
1070	38.4588		0.0
1071	38.3987		0.0
1072	38.6189		0.0
1073	38.5479		0.0
1074	38.6347		0.0
1075	38.7513		0.0
1076	38.763		0.0
1077	38.7786		0.0
1078	38.9567		0.0
1079	38.9593		0.0
1080	39.0393		0.0
1081	39.0483		0.0
1082	39.0879		0.0
1083	39.0904		0.0
1084	39.0897		0.0
1085	39.1927		0.0
1086	39.3147		0.0
1087	39.2841		0.0
1088	39.3716		0.0
1089	39.4697		0.0
1090	39.5215		0.0
1091	39.5456		0.0
1092	39.637		0.0
1093	39.6252		0.0
1094	39.727		0.0
1095	39.7227		0.0
1096	39.7942		0.0
1097	39.8897		0.0
1098	39.9473		0.0
1099	39.9573		0.0
1100	40.1038		0.0
1101	40.1316		0.0
1102	40.1586		0.0
1103	40.1854		0.0
1104	40.3335		0.0
1105	40.3797		0.0
1106	40.3623		0.0
1107	40.6134		0.0
1108	40.5251		0.0
1109	40.3947		0.0
1110	40.7015		0.0
1111	40.6987		0.0
1112	40.785		0.0
1113	40.9198		0.0
1114	40.8231		0.0
1115	40.9045		0.0
1116	41.0952		0.0
1117	41.0816		0.0
1118	41.2481		0.0
1119	41.2362		0.0
1120	41.3415		0.0
1121	41.509		0.0
1122	41.4869		0.0
1123	41.6966		0.0
1124	41.8481		0.0
1125	41.6086		0.0
1126	42.0532		0.0
1127	41.9635		0.0
1128	42.0516		0.0
1129	41.9932		0.0
1130	42.2279		0.0
1131	42.1633		0.0
1132	42.3503		0.0
1133	42.2833		0.0
1134	42.2746		0.0
1135	42.3087		0.0
1136	42.5763		0.0
1137	42.2619		0.0
1138	42.4967		0.0
1139	42.3943		0.0
1140	42.5819		0.0
1141	42.6706		0.0
1142	42.6536		0.0
1143	42.7162		0.0
1144	42.7985		0.0
1145	42.7485		0.0
1146	42.941		0.0
1147	43.1421		0.0
1148	42.92		0.0
1149	43.0723		0.0
1150	43.1317		0.0
1151	43.1819		0.0
1152	43.2267		0.0
1153	43.4321		0.0
1154	43.3184		0.0
1155	43.3096		0.0
1156	43.3379		0.0
1157	43.4259		0.0
1158	43.5307		0.0
1159	43.5214		0.0
1160	43.6589		0.0
1161	43.7402		0.0
1162	43.7923		0.0
1163	43.8368		0.0
1164	43.9155		0.0
1165	43.9423		0.0
1166	44.0373		0.0
1167	44.0706		0.0
1168	44.1471		0.0
1169	44.2709		0.0
1170	44.3379		0.0
1171	44.3085		0.0
1172	44.4131		0.0
1173	44.4801		0.0
1174	44.5078		0.0
1175	44.6736		0.0
1176	44.5389		0.0
1177	44.6184		0.0
1178	44.7129		0.0
1179	44.8068		0.0
1180	44.8359		0.0
1181	45.0264		0.0
1182	45.0143		0.0
1183	45.0424		0.0
1184	45.1112		0.0
1185	45.275		0.0
1186	45.2332		0.0
1187	45.2906		0.0
1188	45.3405		0.0
1189	45.4332		0.0
1190	45.5943		0.0
1191	45.7933		0.0
1192	45.7045		0.0
1193	45.7834		0.0
1194	45.7532		0.0
1195	45.9945		0.0
1196	45.9575		0.0
1197	45.922		0.0
1198	46.2235		0.0
1199	46.1418		0.0
1200	46.1957		0.0
1201	46.1924		0.0
1202	46.2486		0.0
1203	46.2546		0.0
1204	46.4395		0.0
1205	46.6255		0.0
1206	46.6332		0.0
1207	46.5968		0.0
1208	46.7313		0.0
1209	46.5998		0.0
1210	46.8509		0.0
1211	46.8993		0.0
1212	46.7566		0.0
1213	47.0199		0.0
1214	47.0987		0.0
1215	47.1312		0.0
1216	47.2608		0.0
1217	47.1886		0.0
1218	47.1149		0.0
1219	47.3313		0.0
1220	47.4353		0.0
1221	47.6067		0.0
1222	47.3261		0.0
1223	47.6632		0.0
1224	47.7022		0.0
1225	47.6889		0.0
1226	47.6523		0.0
1227	47.8217		0.0
1228	47.8702		0.0
1229	48.0604		0.0
1230	48.005		0.0
1231	48.1876		0.0
1232	48.2615		0.0
1233	48.3237		0.0
1234	48.3593		0.0
1235	48.4315		0.0
1236	48.4476		0.0
1237	48.4732		0.0
1238	48.5561		0.0
1239	48.6792		0.0
1240	48.7072		0.0
1241	48.7627		0.0
1242	48.823		0.0
1243	49.1237		0.0
1244	49.0549		0.0
1245	48.9956		0.0
1246	49.1564		0.0
1247	49.2404		0.0
1248	49.1928		0.0
1249	49.3381		0.0
1250	49.3276		0.0
1251	49.2302		0.0
1252	49.5278		0.0
1253	49.4694		0.0
1254	49.5711		0.0
1255	49.5963		0.0
1256	49.5914		0.0
1257	49.6306		0.0
1258	49.7537		0.0
1259	49.8605		0.0
1260	49.918		0.0
1261	49.8535		0.0
1262	50.0859		0.0
1263	50.1528		0.0
1264	50.106		0.0
1265	50.1356		0.0
1266	50.232		0.0
1267	50.2461		0.0
1268	50.4755		0.0
1269	50.3406		0.0
1270	50.3456		0.0
1271	50.5659		0.0
1272	50.7014		0.0
1273	50.9147		0.0
1274	50.7442		0.0
1275	50.7829		0.0
1276	50.8875		0.0
1277	50.8228		0.0
1278	50.9126		0.0
1279	51.1146		0.0
1280	51.0816		0.0
1281	51.0629		0.0
1282	51.2512		0.0
1283	51.2608		0.0
1284	51.3845		0.0
1285	51.3527		0.0
1286	51.4829		0.0
1287	51.5967		0.0
1288	51.6439		0.0
1289	51.7581		0.0
1290	51.8768		0.0
1291	51.764		0.0
1292	51.8044		0.0
1293	52.047		0.0
1294	51.9909		0.0
1295	52.2227		0.0
1296	52.2829		0.0
1297	52.2368		0.0
1298	52.122		0.0
1299	52.3836		0.0
1300	52.5158		0.0
1301	52.47		0.0
1302	52.6258		0.0
1303	52.6018		0.0
1304	52.8085		0.0
1305	52.8907		0.0
1306	52.8824		0.0
1307	52.9276		0.0
1308	52.9032		0.0
1309	52.9808		0.0
1310	53.1489		0.0
1311	53.171		0.0
1312	53.3008		0.0
1313	53.3132		0.0
1314	53.4354		0.0
1315	53.4535		0.0
1316	53.4082		0.0
1317	53.5431		0.0
1318	53.6549		0.0
1319	53.7408		0.0
1320	53.7032		0.0
1321	53.6963		0.0
1322	53.864		0.0
1323	53.9237		0.0
1324	53.866		0.0
1325	54.0939		0.0
1326	54.2015		0.0
1327	54.1725		0.0
1328	54.4042		0.0
1329	54.3253		0.0
1330	54.3443		0.0
1331	54.3744		0.0
1332	54.4159		0.0
1333	54.5159		0.0
1334	54.5169		0.0
1335	54.6816		0.0
1336	54.7209		0.0
1337	54.7783		0.0
1338	54.6374		0.0
1339	54.8369		0.0
1340	54.765		0.0
1341	54.9714		0.0
1342	55.0428		0.0
1343	55.0354		0.0
1344	54.9942		0.0
1345	55.289		0.0
1346	55.2682		0.0
1347	55.4025		0.0
1348	55.3399		0.0
1349	55.3773		0.0
1350	55.7249		0.0
1351	55.5549		0.0
1352	55.6172		0.0
1353	55.6356		0.0
1354	55.7502		0.0
1355	56.0067		0.0
1356	55.8078		0.0
1357	56.1253		0.0
1358	55.9955		0.0
1359	56.0423		0.0
1360	56.3108		0.0
1361	56.3764		0.0
1362	56.4481		0.0
1363	56.2522		0.0
1364	56.3498		0.0
1365	56.5449		0.0
1366	56.51		0.0
1367	56.5153		0.0
1368	56.8136		0.0
1369	56.6541		0.0
1370	56.5966		0.0
1371	56.9716		0.0
1372	56.9601		0.0
1373	56.8757		0.0
1374	56.998		0.0
1375	57.2388		0.0
1376	57.1945		0.0
1377	57.4839		0.0
1378	57.4039		0.0
1379	57.5265		0.0
1380	57.5617		0.0
1381	57.5708		0.0
1382	57.8694		0.0
1383	57.8814		0.0
1384	57.9525		0.0
1385	58.0176		0.0
1386	58.0177		0.0
1387	58.1103		0.0
1388	58.2288		0.0
1389	58.2416		0.0
1390	58.44		0.0
1391	58.4395		0.0
1392	58.4288		0.0
1393	58.5783		0.0
1394	58.4563		0.0
1395	58.5697		0.0
1396	58.4935		0.0
1397	58.6094		0.0
1398	58.6586		0.0
1399	58.8001		0.0
1400	58.9164		0.0
1401	58.9867		0.0
1402	58.9553		0.0
1403	59.1838		0.0
1404	59.1463		0.0
1405	59.1661		0.0
1406	59.1306		0.0
1407	59.45		0.0
1408	59.295		0.0
1409	59.4428		0.0
1410	59.525		0.0
1411	59.5441		0.0
1412	59.6875		0.0
1413	59.597		0.0
1414	59.6979		0.0
1415	59.7295		0.0
1416	59.9139		0.0
1417	60.1268		0.0
1418	60.0067		0.0
1419	60.0075		0.0
1420	60.12		0.0
1421	60.1591		0.0
1422	60.2005		0.0
1423	60.2846		0.0
1424	60.3565		0.0
1425	60.4341		0.0
1426	60.4162		0.0
1427	60.5255		0.0
1428	60.5527		0.0
1429	60.8374		0.0
1430	60.7905		0.0
1431	60.9615		0.0
1432	60.9098		0.0
1433	60.8216		0.0
1434	60.9359		0.0
1435	61.1695		0.0
1436	61.0466		0.0
1437	61.1699		0.0
1438	61.1778		0.0
1439	61.2285		0.0
1440	61.327		0.0
1441	61.3653		0.0
1442	61.5111		0.0
1443	61.4898		0.0
1444	61.5782		0.0
1445	61.6466		0.0
1446	61.7671		0.0
1447	61.7602		0.0
1448	61.668		0.0
1449	61.8388		0.0
1450	61.9574		0.0
1451	62.0526		0.0
1452	62.2314		0.0
1453	62.0543		0.0
1454	62.2197		0.0
1455	62.2995		0.0
1456	62.4378		0.0
1457	62.3515		0.0
1458	62.564		0.0
1459	62.6912		0.0
1460	62.691		0.0
1461	62.8189		0.0
1462	62.8954		0.0
1463	62.8784		0.0
1464	62.9852		0.0
1465	63.1061		0.0
1466	63.1434		0.0
1467	63.4118		0.0
1468	63.3658		0.0
1469	63.4165		0.0
1470	63.5373		0.0
1471	63.5317		0.0
1472	63.6592		0.0
1473	63.763		0.0
1474	63.8046		0.0
1475	63.9491		0.0
1476	63.8326		0.0
1477	63.9662		0.0
1478	63.85		0.0
1479	64.0255		0.0
1480	64.0742		0.0
1481	64.0806		0.0
1482	64.3483		0.0
1483	64.2537		0.0
1484	64.3735		0.0
1485	64.4916		0.0
1486	64.5794		0.0
1487	64.6134		0.0
1488	64.7041		0.0
1489	64.7127		0.0
1490	64.8065		0.0
1491	64.8248		0.0
1492	64.9903		0.0
1493	64.9808		0.0
1494	65.0873		0.0
1495	65.2414		0.0
1496	65.1413		0.0
1497	65.1832		0.0
1498	65.3467		0.0
1499	65.3804		0.0
1500	65.3529		0.0
1501	65.3277		0.0
1502	65.5662		0.0
1503	65.5955		0.0
1504	65.54		0.0
1505	65.7512		0.0
1506	65.71		0.0
1507	65.6462		0.0
1508	65.8486		0.0
1509	65.893		0.0
1510	65.8526		0.0
1511	65.9193		0.0
1512	65.9753		0.0
1513	65.9888		0.0
1514	66.0978		0.0
1515	66.2195		0.0
1516	66.1124		0.0
1517	66.2585		0.0
1518	66.1972		0.0
1519	66.1276		0.0
1520	66.1309		0.0
1521	66.2533		0.0
1522	66.2948		0.0
1523	66.3225		0.0
1524	66.4195		0.0
1525	66.3902		0.0
1526	66.5285		0.0
1527	66.4781		0.0
1528	66.6223		0.0
1529	66.5712		0.0
1530	66.7137		0.0
1531	66.5622		0.0
1532	66.8559		0.0
1533	66.8968		0.0
1534	66.9743		0.0
1535	67.1455		0.0
1536	67.2771		0.0
1537	67.2349		0.0
1538	67.2533		0.0
1539	67.3334		0.0
1540	67.5523		0.0
1541	67.531		0.0
1542	67.6994		0.0
1543	67.7294		0.0
1544	67.863		0.0
1545	68.1672		0.0
1546	67.8397		0.0
1547	68.0826		0.0
1548	68.1073		0.0
1549	68.0817		0.0
1550	68.256		0.0
1551	68.3076		0.0
1552	68.3773		0.0
1553	68.4115		0.0
1554	68.5508		0.0
1555	68.6567		0.0
1556	68.5825		0.0
1557	68.6422		0.0
1558	68.7962		0.0
1559	68.8416		0.0
1560	68.8044		0.0
1561	68.9707		0.0
1562	69.0724		0.0
1563	69.0085		0.0
1564	69.0211		0.0
1565	69.1273		0.0
1566	69.0773		0.0
1567	69.2371		0.0
1568	69.151		0.0
1569	69.2313		0.0
1570	69.3515		0.0
1571	69.337		0.0
1572	69.4492		0.0
1573	69.544		0.0
1574	69.6922		0.0
1575	69.6658		0.0
1576	69.747		0.0
1577	69.7387		0.0
1578	69.7576		0.0
1579	69.9162		0.0
1580	69.8559		0.0
1581	69.99		0.0
1582	70.0038		0.0
1583	70.0675		0.0
1584	70.1516		0.0
1585	70.2779		0.0
1586	70.3519		0.0
1587	70.4645		0.0
1588	70.4002		0.0
1589	70.571		0.0
1590	70.719		0.0
1591	70.7553		0.0
1592	70.6266		0.0
1593	70.747		0.0
1594	70.7607		0.0
1595	70.8258		0.0
1596	70.9857		0.0
1597	70.9608		0.0
1598	71.0498		0.0
1599	71.0897		0.0
1600	71.2771		0.0
1601	71.3376		0.0
1602	71.3941		0.0
1603	71.5338		0.0
1604	71.5841		0.0
1605	71.6318		0.0
1606	71.5339		0.0
1607	71.5395		0.0
1608	71.8109		0.0
1609	71.7301		0.0
1610	71.7465		0.0
1611	71.8666		0.0
1612	71.8784		0.0
1613	71.937		0.0
1614	71.8676		0.0
1615	72.151		0.0
1616	72.2092		0.0
1617	72.1549		0.0
1618	72.2855		0.0
1619	72.2467		0.0
1620	72.3841		0.0
1621	72.4507		0.0
1622	72.521		0.0
1623	72.5761		0.0
1624	72.598		0.0
1625	72.8438		0.0
1626	72.7575		0.0
1627	72.8977		0.0
1628	73.0661		0.0
1629	73.0199		0.0
1630	73.0077		0.0
1631	73.3023		0.0
1632	73.3325		0.0
1633	73.3755		0.0
1634	73.6599		0.0
1635	73.4907		0.0
1636	73.4805		0.0
1637	73.6871		0.0
1638	73.635		0.0
1639	73.7777		0.0
1640	73.8689		0.0
1641	73.8124		0.0
1642	73.9689		0.0
1643	74.0692		0.0
1644	73.9427		0.0
1645	74.1753		0.0
1646	74.2338		0.0
1647	74.3758		0.0
1648	74.3335		0.0
1649	74.4629		0.0
1650	74.5903		0.0
1651	74.6706		0.0
1652	74.6725		0.0
1653	74.6157		0.0
1654	74.7255		0.0
1655	74.9007		0.0
1656	74.866		0.0
1657	74.9339		0.0
1658	75.1188		0.0
1659	75.0696		0.0
1660	75.1638		0.0
1661	75.1367		0.0
1662	75.2415		0.0
1663	75.3454		0.0
1664	75.3575		0.0
1665	75.3528		0.0
1666	75.395		0.0
1667	75.5829		0.0
1668	75.5777		0.0
1669	75.6602		0.0
1670	75.5154		0.0
1671	75.676		0.0
1672	75.6605		0.0
1673	75.7089		0.0
1674	75.8215		0.0
1675	75.7566		0.0
1676	75.6552		0.0
1677	75.9075		0.0
1678	76.2443		0.0
1679	76.1073		0.0
1680	76.2174		0.0
1681	76.3393		0.0
1682	76.4501		0.0
1683	76.4095		0.0
1684	76.37		0.0
1685	76.6992		0.0
1686	76.4082		0.0
1687	76.4701		0.0
1688	76.6722		0.0
1689	76.6879		0.0
1690	76.686		0.0
1691	76.851		0.0
1692	76.8032		0.0
1693	76.8172		0.0
1694	76.7627		0.0
1695	76.9801		0.0
1696	77.0141		0.0
1697	76.9782		0.0
1698	77.0216		0.0
1699	77.1802		0.0
1700	77.2037		0.0
1701	77.2662		0.0
1702	77.3419		0.0
1703	77.3224		0.0
1704	77.549		0.0
1705	77.5678		0.0
1706	77.5534		0.0
1707	77.6814		0.0
1708	77.7132		0.0
1709	77.802		0.0
1710	78.0255		0.0
1711	77.9553		0.0
1712	78.1292		0.0
1713	78.1768		0.0
1714	78.2349		0.0
1715	78.2036		0.0
1716	78.354		0.0
1717	78.3894		0.0
1718	78.5753		0.0
1719	78.5296		0.0
1720	78.6343		0.0
1721	78.6316		0.0
1722	78.6883		0.0
1723	78.8768		0.0
1724	78.802		0.0
1725	78.8831		0.0
1726	78.894		0.0
1727	78.86		0.0
1728	79.0392		0.0
1729	79.1832		0.0
1730	79.2512		0.0
1731	79.0205		0.0
1732	79.2934		0.0
1733	79.3531		0.0
1734	79.3055		0.0
1735	79.3453		0.0
1736	79.5874		0.0
1737	79.5341		0.0
1738	79.485		0.0
1739	79.6199		0.0
1740	79.6432		0.0
1741	79.6886		0.0
1742	79.9473		0.0
1743	79.8242		0.0
1744	79.8723		0.0
1745	79.9714		0.0
1746	80.0767		0.0
1747	80.129		0.0
1748	80.2387		0.0
1749	80.2079		0.0
1750	80.2993		0.0
1751	80.2952		0.0
1752	80.5868		0.0
1753	80.5828		0.0
1754	80.6533		0.0
1755	80.645		0.0
1756	80.7489		0.0
1757	80.8477		0.0
1758	80.9018		0.0
1759	81.0092		0.0
1760	81.0197		0.0
1761	81.0694		0.0
1762	81.279		0.0
1763	81.2542		0.0
1764	81.3869		0.0
1765	81.3493		0.0
1766	81.5266		0.0
1767	81.5197		0.0
1768	81.5749		0.0
1769	81.6		0.0
1770	81.7592		0.0
1771	81.7751		0.0
1772	81.8618		0.0
1773	81.9455		0.0
1774	81.8744		0.0
1775	81.9492		0.0
1776	82.0593		0.0
1777	82.0375		0.0
1778	82.1838		0.0
1779	82.2244		0.0
1780	82.2083		0.0
1781	82.562		0.0
1782	82.5302		0.0
1783	82.7477		0.0
1784	82.6255		0.0
1785	82.7586		0.0
1786	82.7098		0.0
1787	82.9556		0.0
1788	82.9208		0.0
1789	82.9281		0.0
1790	83.1046		0.0
1791	83.0772		0.0
1792	83.0971		0.0
1793	83.0291		0.0
1794	83.1064		0.0
1795	83.2391		0.0
1796	83.2845		0.0
1797	83.3864		0.0
1798	83.3414		0.0
1799	83.4423		0.0
1800	83.5164		0.0
1801	83.6388		0.0
1802	83.6516		0.0
1803	83.7145		0.0
1804	83.9895		0.0
1805	83.9433		0.0
1806	84.0094		0.0
1807	83.999		0.0
1808	84.0935		0.0
1809	84.1443		0.0
1810	84.1976		0.0
1811	84.3276		0.0
1812	84.2466		0.0
1813	84.2731		0.0
1814	84.3782		0.0
1815	84.4321		0.0
1816	84.4719		0.0
1817	84.5365		0.0
1818	84.6568		0.0
1819	84.6924		0.0
1820	84.6919		0.0
1821	84.729		0.0
1822	84.7524		0.0
1823	84.8243		0.0
1824	84.9362		0.0
1825	84.8213		0.0
1826	84.9356		0.0
1827	84.9592		0.0
1828	84.9123		0.0
1829	85.0465		0.0
1830	85.0856		0.0
1831	85.1692		0.0
1832	85.3408		0.0
1833	85.3101		0.0
1834	85.3454		0.0
1835	85.5905		0.0
1836	85.5121		0.0
1837	85.7289		0.0
1838	85.7579		0.0
1839	85.9451		0.0
1840	86.1535		0.0
1841	86.0834		0.0
1842	86.1506		0.0
1843	86.2985		0.0
1844	86.1374		0.0
1845	86.4364		0.0
1846	86.486		0.0
1847	86.5956		0.0
1848	86.6583		0.0
1849	86.6716		0.0
1850	86.8177		0.0
1851	86.8118		0.0
1852	86.7456		0.0
1853	86.8519		0.0
1854	87.1616		0.0
1855	86.9506		0.0
1856	87.0628		0.0
1857	86.9434		0.0
1858	87.1478		0.0
1859	87.2275		0.0
1860	87.1057		0.0
1861	87.4471		0.0
1862	87.3908		0.0
1863	87.3356		0.0
1864	87.5361		0.0
1865	87.4968		0.0
1866	87.3846		0.0
1867	87.6947		0.0
1868	87.6508		0.0
1869	87.6765		0.0
1870	87.8804		0.0
1871	87.8114		0.0
1872	88.1055		0.0
1873	88.0675		0.0
1874	88.1342		0.0
1875	88.1032		0.0
1876	88.3519		0.0
1877	88.2898		0.0
1878	88.4082		0.0
1879	88.4032		0.0
1880	88.4771		0.0
1881	88.5491		0.0
1882	88.673		0.0
1883	88.6764		0.0
1884	88.7229		0.0
1885	88.9847		0.0
1886	88.8759		0.0
1887	89.0998		0.0
1888	88.9047		0.0
1889	88.9833		0.0
1890	89.2833		0.0
1891	89.2147		0.0
1892	89.2372		0.0
1893	89.3115		0.0
1894	89.3065		0.0
1895	89.5249		0.0
1896	89.593		0.0
1897	89.5618		0.0
1898	89.7007		0.0
1899	89.7551		0.0
1900	89.8379		0.0
1901	89.7669		0.0
1902	89.9051		0.0
1903	89.9323		0.0
1904	89.9229		0.0
1905	90.084		0.0
1906	90.0928		0.0
1907	90.1205		0.0
1908	90.3197		0.0
1909	90.2579		0.0
1910	90.5015		0.0
1911	90.5159		0.0
1912	90.4886		0.0
1913	90.6544		0.0
1914	90.517		0.0
1915	90.7233		0.0
1916	90.7379		0.0
1917	90.7225		0.0
1918	90.6876		0.0
1919	90.964		0.0
1920	91.0012		0.0
1921	90.9627		0.0
1922	91.0639		0.0
1923	91.1105		0.0
1924	91.1919		0.0
1925	91.3989		0.0
1926	91.3748		0.0
1927	91.2781		0.0
1928	91.4941		0.0
1929	91.5031		0.0
1930	91.5172		0.0
1931	91.5433		0.0
1932	91.6372		0.0
1933	91.7059		0.0
1934	91.5846		0.0
1935	91.7098		0.0
1936	91.8163		0.0
1937	91.6629		0.0
1938	91.6894		0.0
1939	91.8812		0.0
1940	92.0091		0.0
1941	92.0501		0.0
1942	92.0376		0.0
1943	92.3052		0.0
1944	92.2353		0.0
1945	92.2937		0.0
1946	92.4147		0.0
1947	92.3489		0.0
1948	92.5847		0.0
1949	92.7289		0.0
1950	92.9847		0.0
1951	92.8819		0.0
1952	92.8996		0.0
1953	93.0711		0.0
1954	93.0594		0.0
1955	93.0558		0.0
1956	93.2569		0.0
1957	93.1793		0.0
1958	93.2745		0.0
1959	93.3677		0.0
1960	93.3967		0.0
1961	93.3877		0.0
1962	93.5569		0.0
1963	93.5371		0.0
1964	93.5772		0.0
1965	93.6164		0.0
1966	93.6826		0.0
1967	93.863		0.0
1968	93.8382		0.0
1969	94.0193		0.0
1970	94.035		0.0
1971	94.1068		0.0
1972	94.0647		0.0
1973	94.0898		0.0
1974	94.2382		0.0
1975	94.3425		0.0
1976	94.4577		0.0
1977	94.4742		0.0
1978	94.5551		0.0
1979	94.6604		0.0
1980	94.7463		0.0
1981	94.8395		0.0
1982	94.8282		0.0
1983	94.8355		0.0
1984	94.8764		0.0
1985	94.9836		0.0
1986	95.0603		0.0
1987	95.1427		0.0
1988	95.1104		0.0
1989	95.272		0.0
1990	95.2908		0.0
1991	95.4169		0.0
1992	95.4608		0.0
1993	95.3715		0.0
1994	95.4672		0.0
1995	95.548		0.0
1996	95.5879		0.0
1997	95.5434		0.0
1998	95.7339		0.0
1999	95.7836		0.0
2000	95.7305		0.0
2001	95.8592		0.0
2002	95.9672		0.0
2003	95.9497		0.0
2004	95.9794		0.0
2005	96.0374		0.0
2006	96.3617		0.0
2007	96.1917		0.0
2008	96.3421		0.0
2009	96.3583		0.0
2010	96.4329		0.0
2011	96.5987		0.0
2012	96.4567		0.0
2013	96.4983		0.0
2014	96.6982		0.0
2015	96.7757		0.0
2016	96.6064		0.0
2017	96.7905		0.0
2018	96.7819		0.0
2019	96.9457		0.0
2020	97.0209		0.0
2021	97.0682		0.0
2022	97.0715		0.0
2023	97.0943		0.0
2024	97.1571		0.0
2025	97.2653		0.0
2026	97.2266		0.0
2027	97.3601		0.0
2028	97.4316		0.0
2029	97.4878		0.0
2030	97.5378		0.0
2031	97.6265		0.0
2032	97.78		0.0
2033	97.9488		0.0
2034	97.8577		0.0
2035	97.9226		0.0
2036	98.0952		0.0
2037	98.0971		0.0
2038	98.195		0.0
2039	98.2611		0.0
2040	98.4617		0.0
2041	98.3435		0.0
2042	98.5336		0.0
2043	98.4463		0.0
2044	98.6624		0.0
2045	98.6715		0.0
2046	98.5964		0.0
2047	98.6943		0.0
2048	98.7208		0.0
2049	98.9247		0.0
2050	99.0977		0.0
2051	98.9943		0.0
2052	99.0884		0.0
2053	99.1539		0.0
2054	99.3424		0.0
2055	99.3383		0.0
2056	99.4398		0.0
2057	99.4848		0.0
2058	99.4758		0.0
2059	99.588		0.0
2060	99.6242		0.0
2061	99.6182		0.0
2062	99.7007		0.0
2063	99.7882		0.0
2064	99.7669		0.0
2065	99.7441		0.0
2066	99.8569		0.0
2067	99.9153		0.0
2068	99.9823		0.0
2069	100.056		0.0
2070	100.1		0.0
2071	100.101		0.0
2072	100.081		0.0
2073	100.093		0.0
2074	100.282		0.0
2075	100.366		0.0
2076	100.363		0.0
2077	100.4		0.0
2078	100.535		0.0
2079	100.641		0.0
2080	100.767		0.0
2081	100.812		0.0
2082	100.873		0.0
2083	100.958		0.0
2084	100.984		0.0
2085	100.908		0.0
2086	101.238		0.0
2087	101.093		0.0
2088	101.161		0.0
2089	100.987		0.0
2090	101.346		0.0
2091	101.372		0.0
2092	101.455		0.0
2093	101.489		0.0
2094	101.548		0.0
2095	101.599		0.0
2096	101.666		0.0
2097	101.647		0.0
2098	101.696		0.0
2099	101.623		0.0
2100	101.851		0.0
2101	101.788		0.0
2102	101.939		0.0
2103	101.936		0.0
2104	101.976		0.0
2105	102.18		0.0
2106	101.989		0.0
2107	102.221		0.0
2108	102.157		0.0
2109	102.21		0.0
2110	102.284		0.0
2111	102.297		0.0
2112	102.316		0.0
2113	102.476		0.0
2114	102.591		0.0
2115	102.593		0.0
2116	102.607		0.0
2117	102.671		0.0
2118	102.771		0.0
2119	102.828		0.0
2120	102.862		0.0
2121	102.934		0.0
2122	103.063		0.0
2123	103.037		0.0
2124	103.163		0.0
2125	103.189		0.0
2126	103.283		0.0
2127	103.318		0.0
2128	103.303		0.0
2129	103.374		0.0
2130	103.404		0.0
2131	103.521		0.0
2132	103.631		0.0
2133	103.631		0.0
2134	103.679		0.0
2135	103.803		0.0
2136	103.951		0.0
2137	103.885		0.0
2138	103.916		0.0
2139	104.081		0.0
2140	104.104		0.0
2141	104.135		0.0
2142	104.287		0.0
2143	104.255		0.0
2144	104.389		0.0
2145	104.504		0.0
2146	104.528		0.0
2147	104.649		0.0
2148	104.687		0.0
2149	104.735		0.0
2150	104.931		0.0
2151	104.83		0.0
2152	104.982		0.0
2153	104.997		0.0
2154	105.003		0.0
2155	105.196		0.0
2156	105.172		0.0
2157	105.403		0.0
2158	105.486		0.0
2159	105.458		0.0
2160	105.279		0.0
2161	105.608		0.0
2162	105.481		0.0
2163	105.569		0.0
2164	105.663		0.0
2165	105.804		0.0
2166	106.198		0.0
2167	106.155		0.0
2168	106.193		0.0
2169	106.267		0.0
2170	106.352		0.0
2171	106.436		0.0
2172	106.571		0.0
2173	106.604		0.0
2174	106.511		0.0
2175	106.666		0.0
2176	106.798		0.0
2177	106.847		0.0
2178	107.058		0.0
2179	107.034		0.0
2180	107.002		0.0
2181	107.24		0.0
2182	107.311		0.0
2183	107.26		0.0
2184	107.363		0.0
2185	107.492		0.0
2186	107.393		0.0
2187	107.646		0.0
2188	107.603		0.0
2189	107.673		0.0
2190	107.924		0.0
2191	107.829		0.0
2192	107.838		0.0
2193	107.973		0.0
2194	108.08		0.0
2195	108.057		0.0
2196	108.168		0.0
2197	108.158		0.0
2198	108.264		0.0
2199	108.287		0.0
2200	108.372		0.0
2201	108.654		0.0
2202	108.488		0.0
2203	108.61		0.0
2204	108.738		0.0
2205	108.653		0.0
2206	108.79		0.0
2207	108.867		0.0
2208	108.842		0.0
2209	108.925		0.0
2210	109.041		0.0
2211	109.042		0.0
2212	109.098		0.0
2213	109.089		0.0
2214	109.324		0.0
2215	109.292		0.0
2216	109.424		0.0
2217	109.494		0.0
2218	109.553		0.0
2219	109.632		0.0
2220	109.761		0.0
2221	109.753		0.0
2222	109.755		0.0
2223	109.838		0.0
2224	109.993		0.0
2225	109.885		0.0
2226	109.984		0.0
2227	110.157		0.0
2228	110.072		0.0
2229	110.267		0.0
2230	110.33		0.0
2231	110.414		0.0
2232	110.386		0.0
2233	110.384		0.0
2234	110.603		0.0
2235	110.583		0.0
2236	110.672		0.0
2237	110.76		0.0
2238	110.832		0.0
2239	110.766		0.0
2240	110.904		0.0
2241	111.106		0.0
2242	110.909		0.0
2243	111.179		0.0
2244	111.228		0.0
2245	111.164		0.0
2246	111.21		0.0
2247	111.089		0.0
2248	111.234		0.0
2249	111.322		0.0
2250	111.36		0.0
2251	111.242		0.0
2252	111.417		0.0
2253	111.32		0.0
2254	111.404		0.0
2255	111.567		0.0
2256	111.932		0.0
2257	111.517		0.0
2258	111.78		0.0
2259	111.8		0.0
2260	111.911		0.0
2261	112.029		0.0
2262	111.992		0.0
2263	112.154		0.0
2264	112.099		0.0
2265	112.129		0.0
2266	112.423		0.0
2267	112.23		0.0
2268	112.363		0.0
2269	112.503		0.0
2270	112.485		0.0
2271	112.561		0.0
2272	112.595		0.0
2273	112.695		0.0
2274	112.661		0.0
2275	112.761		0.0
2276	112.867		0.0
2277	112.838		0.0
2278	113.015		0.0
2279	113.021		0.0
2280	113.115		0.0
2281	113.105		0.0
2282	113.176		0.0
2283	113.383		0.0
2284	113.392		0.0
2285	113.35		0.0
2286	113.502		0.0
2287	113.488		0.0
2288	113.677		0.0
2289	113.672		0.0
2290	113.753		0.0
2291	113.714		0.0
2292	113.916		0.0
2293	113.795		0.0
2294	113.995		0.0
2295	113.847		0.0
2296	114		0.0
2297	114.143		0.0
2298	114.103		0.0
2299	114.143		0.0
2300	114.339		0.0
2301	114.345		0.0
2302	114.492		0.0
2303	114.423		0.0
2304	114.63		0.0
2305	114.58		0.0
2306	114.636		0.0
2307	114.709		0.0
2308	114.801		0.0
2309	114.941		0.0
2310	115.004		0.0
2311	114.877		0.0
2312	115.09		0.0
2313	115.187		0.0
2314	115.203		0.0
2315	115.311		0.0
2316	115.29		0.0
2317	115.317		0.0
2318	115.525		0.0
2319	115.574		0.0
2320	115.5		0.0
2321	115.637		0.0
2322	115.763		0.0
2323	115.814		0.0
2324	115.793		0.0
2325	115.845		0.0
2326	115.794		0.0
2327	116.172		0.0
2328	116.079		0.0
2329	116.091		0.0
2330	116.023		0.0
2331	116.188		0.0
2332	116.352		0.0
2333	116.18		0.0
2334	116.278		0.0
2335	116.548		0.0
2336	116.507		0.0
2337	116.523		0.0
2338	116.719		0.0
2339	116.646		0.0
2340	116.881		0.0
2341	116.609		0.0
2342	116.916		0.0
2343	116.94		0.0
2344	116.978		0.0
2345	117.018		0.0
2346	117.088		0.0
2347	117.061		0.0
2348	117.219		0.0
2349	117.332		0.0
2350	117.339		0.0
2351	117.379		0.0
2352	117.464		0.0
2353	117.564		0.0
2354	117.6		0.0
2355	117.598		0.0
2356	117.59		0.0
2357	117.862		0.0
2358	117.776		0.0
2359	117.878		0.0
2360	118.025		0.0
2361	118.051		0.0
2362	118.063		0.0
2363	118.149		0.0
2364	118.214		0.0
2365	118.256		0.0
2366	118.294		0.0
2367	118.409		0.0
2368	118.465		0.0
2369	118.519		0.0
2370	118.673		0.0
2371	118.613		0.0
2372	118.829		0.0
2373	118.777		0.0
2374	118.929		0.0
2375	118.888		0.0
2376	118.874		0.0
2377	119.03		0.0
2378	119.079		0.0
2379	119.175		0.0
2380	119.363		0.0
2381	119.356		0.0
2382	119.355		0.0
2383	119.592		0.0
2384	119.486		0.0
2385	119.628		0.0
2386	119.526		0.0
2387	119.707		0.0
2388	119.803		0.0
2389	119.869		0.0
2390	119.914		0.0
2391	119.954		0.0
2392	120.101		0.0
2393	120.113		0.0
2394	120.188		0.0
2395	120.223		0.0
2396	120.529		0.0
2397	120.357		0.0
2398	120.434		0.0
2399	120.608		0.0
2400	120.746		0.0
2401	120.678		0.0
2402	120.654		0.0
2403	120.789		0.0
2404	120.733		0.0
2405	120.759		0.0
2406	121.117		0.0
2407	120.855		0.0
2408	121.118		0.0
2409	120.992		0.0
2410	121.24		0.0
2411	121.32		0.0
2412	121.415		0.0
2413	121.312		0.0
2414	121.279		0.0
2415	121.382		0.0
2416	121.428		0.0
2417	121.432		0.0
2418	121.484		0.0
2419	121.554		0.0
2420	121.625		0.0
2421	121.676		0.0
2422	121.806		0.0
2423	121.658		0.0
2424	121.848		0.0
2425	121.999		0.0
2426	121.961		0.0
2427	122.025		0.0
2428	122.159		0.0
2429	122.238		0.0
2430	122.207		0.0
2431	122.318		0.0
2432	122.354		0.0
2433	122.384		0.0
2434	122.578		0.0
2435	122.559		0.0
2436	122.615		0.0
2437	122.692		0.0
2438	122.805		0.0
2439	122.782		0.0
2440	122.971		0.0
2441	122.958		0.0
2442	123.068		0.0
2443	123.104		0.0
2444	123.064		0.0
2445	123.237		0.0
2446	123.301		0.0
2447	123.309		0.0
2448	123.453		0.0
2449	123.444		0.0
2450	123.545		0.0
2451	123.544		0.0
2452	123.702		0.0
2453	123.657		0.0
2454	123.701		0.0
2455	123.768		0.0
2456	123.779		0.0
2457	123.884		0.0
2458	124.048		0.0
2459	124.05		0.0
2460	124.012		0.0
2461	124.297		0.0
2462	124.337		0.0
2463	124.387		0.0
2464	124.731		0.0
2465	124.615		0.0
2466	124.702		0.0
2467	124.853		0.0
2468	124.722		0.0
2469	124.847		0.0
2470	124.83		0.0
2471	124.966		0.0
2472	124.925		0.0
2473	124.998		0.0
2474	125.06		0.0
2475	125.157		0.0
2476	125.266		0.0
2477	125.248		0.0
2478	125.334		0.0
2479	125.317		0.0
2480	125.463		0.0
2481	125.545		0.0
2482	125.521		0.0
2483	125.654		0.0
2484	125.568		0.0
2485	125.609		0.0
2486	125.903		0.0
2487	125.89		0.0
2488	125.794		0.0
2489	126.035		0.0
2490	125.773		0.0
2491	125.951		0.0
2492	126.147		0.0
2493	126.222		0.0
2494	126.231		0.0
2495	126.348		0.0
2496	126.292		0.0
2497	126.434		0.0
2498	126.485		0.0
2499	126.548		0.0
2500	126.477		0.0
2501	126.675		0.0
2502	126.701		0.0
2503	126.733		0.0
2504	126.857		0.0
2505	126.879		0.0
2506	126.88		0.0
2507	127.038		0.0
2508	127.164		0.0
2509	127.311		0.0
2510	127.328		0.0
2511	127.531		0.0
2512	127.433		0.0
2513	127.464		0.0
2514	127.494		0.0
2515	127.597		0.0
2516	127.642		0.0
2517	127.794		0.0
2518	127.85		0.0
2519	127.866		0.0
2520	128.003		0.0
2521	127.941		0.0
2522	128.104		0.0
2523	128.209		0.0
2524	128.184		0.0
2525	128.28		0.0
2526	128.386		0.0
2527	128.505		0.0
2528	128.661		0.0
2529	128.677		0.0
2530	128.648		0.0
2531	128.855		0.0
2532	128.957		0.0
2533	128.912		0.0
2534	129.026		0.0
2535	129.316		0.0
2536	129.166		0.0
2537	129.299		0.0
2538	129.285		0.0
2539	129.294		0.0
2540	129.446		0.0
2541	129.552		0.0
2542	129.471		0.0
2543	129.517		0.0
2544	129.672		0.0
2545	129.682		0.0
2546	129.69		0.0
2547	129.687		0.0
2548	129.692		0.0
2549	129.867		0.0
2550	130.1		0.0
2551	129.99		0.0
2552	129.846		0.0
2553	129.917		0.0
2554	130.036		0.0
2555	129.921		0.0
2556	130.188		0.0
2557	130.233		0.0
2558	130.385		0.0
2559	130.356		0.0
2560	130.324		0.0
2561	130.568		0.0
2562	130.477		0.0
2563	130.755		0.0
2564	130.575		0.0
2565	130.709		0.0
2566	130.777		0.0
2567	130.829		0.0
2568	130.889		0.0
2569	130.912		0.0
2570	130.978		0.0
2571	131.312		0.0
2572	131.214		0.0
2573	131.424		0.0
2574	131.307		0.0
2575	131.458		0.0
2576	131.334		0.0
2577	131.627		0.0
2578	131.632		0.0
2579	131.829		0.0
2580	131.727		0.0
2581	131.749		0.0
2582	131.897		0.0
2583	131.975		0.0
2584	131.98		0.0
2585	132.102		0.0
2586	132.18		0.0
2587	132.269		0.0
2588	132.419		0.0
2589	132.405		0.0
2590	132.538		0.0
2591	132.788		0.0
2592	132.801		0.0
2593	132.82		0.0
2594	132.843		0.0
2595	132.982		0.0
2596	133.128		0.0
2597	133.028		0.0
2598	133.206		0.0
2599	133.242		0.0
2600	133.318		0.0
2601	133.314		0.0
2602	133.452		0.0
2603	133.355		0.0
2604	133.491		0.0
2605	133.456		0.0
2606	133.545		0.0
2607	133.611		0.0
2608	133.671		0.0
2609	133.664		0.0
2610	133.643		0.0
2611	133.77		0.0
2612	133.826		0.0
2613	133.906		0.0
2614	133.987		0.0
2615	134.021		0.0
2616	134.142		0.0
2617	134.154		0.0
2618	134.211		0.0
2619	134.279		0.0
2620	134.3		0.0
2621	134.474		0.0
2622	134.484		0.0
2623	134.352		0.0
2624	134.561		0.0
2625	134.543		0.0
2626	134.684		0.0
2627	134.82		0.0
2628	134.808		0.0
2629	134.832		0.0
2630	134.838		0.0
2631	134.957		0.0
2632	135.014		0.0
2633	135.073		0.0
2634	135.06		0.0
2635	135.214		0.0
2636	135.252		0.0
2637	135.163		0.0
2638	135.57		0.0
2639	135.511		0.0
2640	135.502		0.0
2641	135.636		0.0
2642	135.632		0.0
2643	135.722		0.0
2644	135.884		0.0
2645	135.863		0.0
2646	136.096		0.0
2647	136.004		0.0
2648	136.185		0.0
2649	136.121		0.0
2650	136.226		0.0
2651	136.356		0.0
2652	136.455		0.0
2653	136.724		0.0
2654	136.711		0.0
2655	136.852		0.0
2656	136.685		0.0
2657	136.777		0.0
2658	136.956		0.0
2659	137.073		0.0
2660	137.109		0.0
2661	137.288		0.0
2662	137.067		0.0
2663	137.22		0.0
2664	137.169		0.0
2665	137.46		0.0
2666	137.311		0.0
2667	137.602		0.0
2668	137.368		0.0
2669	137.531		0.0
2670	137.724		0.0
2671	137.655		0.0
2672	137.733		0.0
2673	137.852		0.0
2674	137.962		0.0
2675	137.991		0.0
2676	138.002		0.0
2677	138.177		0.0
2678	138.262		0.0
2679	138.372		0.0
2680	138.385		0.0
2681	138.367		0.0
2682	138.574		0.0
2683	138.584		0.0
2684	138.612		0.0
2685	138.704		0.0
2686	138.647		0.0
2687	138.656		0.0
2688	138.901		0.0
2689	138.93		0.0
2690	139.018		0.0
2691	138.992		0.0
2692	139.109		0.0
2693	139.18		0.0
2694	139.213		0.0
2695	139.314		0.0
2696	139.374		0.0
2697	139.273		0.0
2698	139.367		0.0
2699	139.449		0.0
2700	139.594		0.0
2701	139.64		0.0
2702	139.683		0.0
2703	139.69		0.0
2704	139.781		0.0
2705	139.905		0.0
2706	139.908		0.0
2707	139.881		0.0
2708	139.99		0.0
2709	140.031		0.0
2710	140.217		0.0
2711	140.152		0.0
2712	140.163		0.0
2713	140.385		0.0
2714	140.288		0.0
2715	140.371		0.0
2716	140.428		0.0
2717	140.456		0.0
2718	140.663		0.0
2719	140.622		0.0
2720	140.778		0.0
2721	140.968		0.0
2722	141.05		0.0
2723	140.976		0.0
2724	140.881		0.0
2725	140.991		0.0
2726	141.181		0.0
2727	141.154		0.0
2728	141.28		0.0
2729	141.411		0.0
2730	141.341		0.0
2731	141.36		0.0
2732	141.469		0.0
2733	141.306		0.0
2734	141.646		0.0
2735	141.538		0.0
2736	141.686		0.0
2737	141.659		0.0
2738	141.722		0.0
2739	141.721		0.0
2740	141.911		0.0
2741	141.791		0.0
2742	141.923		0.0
2743	141.909		0.0
2744	141.937		0.0
2745	142.064		0.0
2746	142.007		0.0
2747	142.113		0.0
2748	142.128		0.0
2749	142.307		0.0
2750	142.352		0.0
2751	142.597		0.0
2752	142.503		0.0
2753	142.716		0.0
2754	142.653		0.0
2755	142.795		0.0
2756	142.743		0.0
2757	142.969		0.0
2758	143.154		0.0
2759	143.208		0.0
2760	143.23		0.0
2761	143.256		0.0
2762	143.198		0.0
2763	143.322		0.0
2764	143.524		0.0
2765	143.542		0.0
2766	143.572		0.0
2767	143.759		0.0
2768	143.71		0.0
2769	143.749		0.0
2770	143.827		0.0
2771	143.731		0.0
2772	143.943		0.0
2773	144.006		0.0
2774	144.108		0.0
2775	144.268		0.0
2776	144.329		0.0
2777	144.228		0.0
2778	144.293		0.0
2779	144.432		0.0
2780	144.524		0.0
2781	144.427		0.0
2782	144.552		0.0
2783	144.681		0.0
2784	144.737		0.0
2785	144.779		0.0
2786	144.812		0.0
2787	144.996		0.0
2788	145.044		0.0
2789	145.099		0.0
2790	145.182		0.0
2791	145.138		0.0
2792	145.3		0.0
2793	145.319		0.0
2794	145.398		0.0
2795	145.434		0.0
2796	145.348		0.0
2797	145.538		0.0
2798	145.521		0.0
2799	145.513		0.0
2800	145.5		0.0
2801	145.774		0.0
2802	145.739		0.0
2803	145.922		0.0
2804	145.938		0.0
2805	146.041		0.0
2806	146.143		0.0
2807	146.307		0.0
2808	146.351		0.0
2809	146.375		0.0
2810	146.532		0.0
2811	146.508		0.0
2812	146.721		0.0
2813	146.707		0.0
2814	146.682		0.0
2815	146.834		0.0
2816	146.85		0.0
2817	146.976		0.0
2818	147.251		0.0
2819	147.107		0.0
2820	147.357		0.0
2821	147.363		0.0
2822	147.514		0.0
2823	147.562		0.0
2824	147.546		0.0
2825	147.567		0.0
2826	147.881		0.0
2827	147.813		0.0
2828	147.868		0.0
2829	147.833		0.0
2830	148.022		0.0
2831	148.066		0.0
2832	148.176		0.0
2833	148.196		0.0
2834	148.249		0.0
2835	148.369		0.0
2836	148.4		0.0
2837	148.559		0.0
2838	148.553		0.0
2839	148.659		0.0
2840	148.63		0.0
2841	148.751		0.0
2842	148.71		0.0
2843	148.89		0.0
2844	148.87		0.0
2845	148.95		0.0
2846	149.061		0.0
2847	149.12		0.0
2848	149.282		0.0
2849	149.347		0.0
2850	149.398		0.0
2851	149.378		0.0
2852	149.502		0.0
2853	149.599		0.0
2854	149.609		0.0
2855	149.626		0.0
2856	149.64		0.0
2857	149.811		0.0
2858	149.828		0.0
2859	149.76		0.0
2860	149.719		0.0
2861	149.848		0.0
2862	149.763		0.0
2863	149.862		0.0
2864	150.086		0.0
2865	150.042		0.0
2866	150.154		0.0
2867	150.186		0.0
2868	150.114		0.0
2869	150.282		0.0
2870	150.381		0.0
2871	150.583		0.0
2872	150.784		0.0
2873	150.605		0.0
2874	150.789		0.0
2875	150.924		0.0
2876	150.982		0.0
2877	150.914		0.0
2878	150.964		0.0
2879	151.181		0.0
2880	151.08		0.0
2881	151.311		0.0
2882	151.249		0.0
2883	151.212		0.0
2884	151.503		0.0
2885	151.632		0.0
2886	151.551		0.0
2887	151.607		0.0
2888	151.657		0.0
2889	151.664		0.0
2890	152.075		0.0
2891	152.053		0.0
2892	152.122		0.0
2893	152.161		0.0
2894	152.206		0.0
2895	152.294		0.0
2896	152.427		0.0
2897	152.366		0.0
2898	152.521		0.0
2899	152.683		0.0
2900	152.609		0.0
2901	152.727		0.0
2902	152.796		0.0
2903	152.798		0.0
2904	152.852		0.0
2905	153.111		0.0
2906	153.159		0.0
2907	153.27		0.0
2908	153.171		0.0
2909	153.243		0.0
2910	153.327		0.0
2911	153.36		0.0
2912	153.547		0.0
2913	153.714		0.0
2914	153.66		0.0
2915	153.665		0.0
2916	153.745		0.0
2917	153.855		0.0
2918	153.896		0.0
2919	153.989		0.0
2920	154.116		0.0
2921	154.104		0.0
2922	154.223		0.0
2923	154.144		0.0
2924	154.404		0.0
2925	154.375		0.0
2926	154.498		0.0
2927	154.602		0.0
2928	154.616		0.0
2929	154.619		0.0
2930	154.636		0.0
2931	154.765		0.0
2932	154.769		0.0
2933	154.885		0.0
2934	154.911		0.0
2935	154.935		0.0
2936	155.081		0.0
2937	155.098		0.0
2938	155.195		0.0
2939	155.406		0.0
2940	155.279		0.0
2941	155.409		0.0
2942	155.657		0.0
2943	155.581		0.0
2944	155.581		0.0
2945	155.716		0.0
2946	155.756		0.0
2947	155.829		0.0
2948	155.845		0.0
2949	155.994		0.0
2950	156.024		0.0
2951	156.149		0.0
2952	156.227		0.0
2953	156.179		0.0
2954	156.34		0.0
2955	156.235		0.0
2956	156.366		0.0
2957	156.263		0.0
2958	156.437		0.0
2959	156.426		0.0
2960	156.536		0.0
2961	156.679		0.0
2962	156.509		0.0
2963	156.52		0.0
2964	156.673		0.0
2965	156.596		0.0
2966	156.567		0.0
2967	156.711		0.0
2968	156.913		0.0
2969	156.831		0.0
2970	156.944		0.0
2971	156.826		0.0
2972	157.042		0.0
2973	156.955		0.0
2974	157.062		0.0
2975	157.019		0.0
2976	157.201		0.0
2977	157.114		0.0
2978	157.09		0.0
2979	157.215		0.0
2980	157.283		0.0
2981	157.534		0.0
2982	157.435		0.0
2983	157.527		0.0
2984	157.553		0.0
2985	157.678		0.0
2986	157.617		0.0
2987	157.867		0.0
2988	157.888		0.0
2989	157.869		0.0
2990	157.872		0.0
2991	158.161		0.0
2992	158.167		0.0
2993	158.255		0.0
2994	158.338		0.0
2995	158.338		0.0
2996	158.446		0.0
2997	158.421		0.0
2998	158.546		0.0
2999	158.463		0.0
3000	158.618		0.0
3001	158.635		0.0
3002	158.67		0.0
3003	158.763		0.0
3004	158.875		0.0
3005	158.985		0.0
3006	158.999		0.0
3007	159.071		0.0
3008	159.083		0.0
3009	159.148		0.0
3010	159.211		0.0
3011	159.333		0.0
3012	159.364		0.0
3013	159.522		0.0
3014	159.611		0.0
3015	159.651		0.0
3016	159.633		0.0
3017	159.718		0.0
3018	159.763		0.0
3019	159.862		0.0
3020	159.947		0.0
3021	159.943		0.0
3022	160.024		0.0
3023	160.082		0.0
3024	160.099		0.0
3025	160.308		0.0
3026	160.216		0.0
3027	160.458		0.0
3028	160.361		0.0
3029	160.488		0.0
3030	160.604		0.0
3031	160.444		0.0
3032	160.666		0.0
3033	160.733		0.0
3034	160.874		0.0
3035	160.848		0.0
3036	161.042		0.0
3037	160.945		0.0
3038	161.046		0.0
3039	161.027		0.0
3040	161.091		0.0
3041	161.055		0.0
3042	161.096		0.0
3043	161.348		0.0
3044	161.223		0.0
3045	161.242		0.0
3046	161.499		0.0
3047	161.34		0.0
3048	161.426		0.0
3049	161.53		0.0
3050	161.46		0.0
3051	161.642		0.0
3052	161.724		0.0
3053	161.837		0.0
3054	161.88		0.0
3055	162.025		0.0
3056	162.2		0.0
3057	162.13		0.0
3058	162.339		0.0
3059	162.388		0.0
3060	162.448		0.0
3061	162.4		0.0
3062	162.783		0.0
3063	162.675		0.0
3064	162.682		0.0
3065	162.788		0.0
3066	162.742		0.0
3067	163.029		0.0
3068	163.097		0.0
3069	163.054		0.0
3070	163.189		0.0
3071	163.276		0.0
3072	163.349		0.0
3073	163.237		0.0
3074	163.341		0.0
3075	163.331		0.0
3076	163.324		0.0
3077	163.395		0.0
3078	163.522		0.0
3079	163.648		0.0
3080	163.664		0.0
3081	163.699		0.0
3082	163.845		0.0
3083	163.855		0.0
3084	163.85		0.0
3085	163.924		0.0
3086	163.89		0.0
3087	164.101		0.0
3088	164.078		0.0
3089	164.215		0.0
3090	164.216		0.0
3091	164.447		0.0
3092	164.392		0.0
3093	164.398		0.0
3094	164.474		0.0
3095	164.559		0.0
3096	164.587		0.0
3097	164.602		0.0
3098	164.737		0.0
3099	164.874		0.0
3100	165.073		0.0
3101	165.129		0.0
3102	165.182		0.0
3103	165.125		0.0
3104	165.224		0.0
3105	165.293		0.0
3106	165.509		0.0
3107	165.644		0.0
3108	165.607		0.0
3109	165.557		0.0
3110	165.629		0.0
3111	165.892		0.0
3112	165.853		0.0
3113	166.101		0.0
3114	165.88		0.0
3115	166.186		0.0
3116	166.043		0.0
3117	166.309		0.0
3118	166.316		0.0
3119	166.243		0.0
3120	166.369		0.0
3121	166.404		0.0
3122	166.419		0.0
3123	166.558		0.0
3124	166.53		0.0
3125	166.519		0.0
3126	166.687		0.0
3127	166.588		0.0
3128	166.729		0.0
3129	166.782		0.0
3130	166.664		0.0
3131	166.881		0.0
3132	167.013		0.0
3133	166.982		0.0
3134	167.067		0.0
3135	166.905		0.0
3136	167.178		0.0
3137	167.266		0.0
3138	167.354		0.0
3139	167.395		0.0
3140	167.733		0.0
3141	167.54		0.0
3142	167.785		0.0
3143	167.654		0.0
3144	167.824		0.0
3145	167.921		0.0
3146	167.997		0.0
3147	168.035		0.0
3148	167.947		0.0
3149	168.117		0.0
3150	168.163		0.0
3151	168.371		0.0
3152	168.315		0.0
3153	168.389		0.0
3154	168.494		0.0
3155	168.46		0.0
3156	168.561		0.0
3157	168.697		0.0
3158	168.743		0.0
3159	168.713		0.0
3160	168.898		0.0
3161	168.932		0.0
3162	168.963		0.0
3163	169.026		0.0
3164	169.082		0.0
3165	169.169		0.0
3166	169.226		0.0
3167	169.33		0.0
3168	169.498		0.0
3169	169.414		0.0
3170	169.528		0.0
3171	169.61		0.0
3172	169.667		0.0
3173	169.649		0.0
3174	169.756		0.0
3175	169.83		0.0
3176	169.894		0.0
3177	169.923		0.0
3178	170.143		0.0
3179	170.124		0.0
3180	170.205		0.0
3181	170.187		0.0
3182	170.235		0.0
3183	170.371		0.0
3184	170.481		0.0
3185	170.624		0.0
3186	170.626		0.0
3187	170.649		0.0
3188	170.686		0.0
3189	171.028		0.0
3190	170.975		0.0
3191	171.055		0.0
3192	171.182		0.0
3193	171.069		0.0
3194	171.201		0.0
3195	171.198		0.0
3196	171.463		0.0
3197	171.52		0.0
3198	171.559		0.0
3199	171.643		0.0
3200	171.695		0.0
3201	171.851		0.0
3202	171.802		0.0
3203	171.743		0.0
3204	171.805		0.0
3205	171.909		0.0
3206	171.924		0.0
3207	171.865		0.0
3208	171.957		0.0
3209	172.029		0.0
3210	172.01		0.0
3211	171.868		0.0
3212	171.997		0.0
3213	172.235		0.0
3214	172.209		0.0
3215	172.486		0.0
3216	172.32		0.0
3217	172.397		0.0
3218	172.454		0.0
3219	172.515		0.0
3220	172.585		0.0
3221	172.55		0.0
3222	172.651		0.0
3223	172.881		0.0
3224	172.909		0.0
3225	173.075		0.0
3226	173.115		0.0
3227	173.067		0.0
3228	173.118		0.0
3229	173.124		0.0
3230	173.198		0.0
3231	173.271		0.0
3232	173.298		0.0
3233	173.407		0.0
3234	173.374		0.0
3235	173.44		0.0
3236	173.569		0.0
3237	173.689		0.0
3238	173.667		0.0
3239	173.723		0.0
3240	173.774		0.0
3241	173.787		0.0
3242	173.918		0.0
3243	173.934		0.0
3244	174.001		0.0
3245	174.032		0.0
3246	174.102		0.0
3247	174.25		0.0
3248	174.269		0.0
3249	174.289		0.0
3250	174.296		0.0
3251	174.429		0.0
3252	174.612		0.0
3253	174.575		0.0
3254	174.6		0.0
3255	174.677		0.0
3256	174.702		0.0
3257	174.826		0.0
3258	174.91		0.0
3259	175.072		0.0
3260	174.955		0.0
3261	175.106		0.0
3262	175.219		0.0
3263	175.201		0.0
3264	175.248		0.0
3265	175.401		0.0
3266	175.412		0.0
3267	175.501		0.0
3268	175.717		0.0
3269	175.66		0.0
3270	175.823		0.0
3271	175.834		0.0
3272	175.834		0.0
3273	175.87		0.0
3274	175.898		0.0
3275	176.175		0.0
3276	176.108		0.0
3277	176.125		0.0
3278	176.323		0.0
3279	176.346		0.0
3280	176.243		0.0
3281	176.48		0.0
3282	176.484		0.0
3283	176.465		0.0
3284	176.5		0.0
3285	176.65		0.0
3286	176.728		0.0
3287	176.871		0.0
3288	176.875		0.0
3289	176.898		0.0
3290	176.991		0.0
3291	177.014		0.0
3292	177.046		0.0
3293	177.131		0.0
3294	177.089		0.0
3295	177.295		0.0
3296	177.325		0.0
3297	177.351		0.0
3298	177.641		0.0
3299	177.519		0.0
3300	177.538		0.0
3301	177.623		0.0
3302	177.824		0.0
3303	177.867		0.0
3304	177.926		0.0
3305	178.175		0.0
3306	178.147		0.0
3307	177.974		0.0
3308	178.146		0.0
3309	178.218		0.0
3310	178.363		0.0
3311	178.387		0.0
3312	178.505		0.0
3313	178.444		0.0
3314	178.628		0.0
3315	178.594		0.0
3316	178.65		0.0
3317	178.737		0.0
3318	178.866		0.0
3319	178.795		0.0
3320	178.847		0.0
3321	178.979		0.0
3322	179.049		0.0
3323	179.04		0.0
3324	179.038		0.0
3325	179.026		0.0
3326	179.121		0.0
3327	179.278		0.0
3328	179.35		0.0
3329	179.381		0.0
3330	179.395		0.0
3331	179.518		0.0
3332	179.628		0.0
3333	179.625		0.0
3334	179.886		0.0
3335	179.991		0.0
3336	179.906		0.0
3337	180.034		0.0
3338	180.024		0.0
3339	180.08		0.0
3340	180.075		0.0
3341	180.234		0.0
3342	180.249		0.0
3343	180.347		0.0
3344	180.332		0.0
3345	180.6		0.0
3346	180.568		0.0
3347	180.607		0.0
3348	180.775		0.0
3349	180.697		0.0
3350	180.722		0.0
3351	180.801		0.0
3352	180.77		0.0
3353	180.949		0.0
3354	180.846		0.0
3355	180.986		0.0
3356	181.11		0.0
3357	181.145		0.0
3358	181.19		0.0
3359	181.107		0.0
3360	181.059		0.0
3361	181.296		0.0
3362	181.235		0.0
3363	181.311		0.0
3364	181.413		0.0
3365	181.491		0.0
3366	181.552		0.0
3367	181.63		0.0
3368	181.671		0.0
3369	181.943		0.0
3370	181.895		0.0
3371	182.101		0.0
3372	182.307		0.0
3373	182.366		0.0
3374	182.276		0.0
3375	182.267		0.0
3376	182.405		0.0
3377	182.32		0.0
3378	182.376		0.0
3379	182.536		0.0
3380	182.596		0.0
3381	182.546		0.0
3382	182.775		0.0
3383	182.693		0.0
3384	182.68		0.0
3385	182.775		0.0
3386	182.78		0.0
3387	182.885		0.0
3388	182.726		0.0
3389	182.836		0.0
3390	182.967		0.0
3391	182.959		0.0
3392	183.027		0.0
3393	183.143		0.0
3394	183.26		0.0
3395	183.237		0.0
3396	183.359		0.0
3397	183.411		0.0
3398	183.377		0.0
3399	183.507		0.0
3400	183.511		0.0
3401	183.712		0.0
3402	183.701		0.0
3403	183.739		0.0
3404	183.838		0.0
3405	183.982		0.0
3406	183.864		0.0
3407	183.963		0.0
3408	184.105		0.0
3409	184.161		0.0
3410	184.131		0.0
3411	184.179		0.0
3412	184.363		0.0
3413	184.341		0.0
3414	184.465		0.0
3415	184.449		0.0
3416	184.589		0.0
3417	184.688		0.0
3418	184.764		0.0
3419	184.761		0.0
3420	184.776		0.0
3421	184.897		0.0
3422	184.967		0.0
3423	185.012		0.0
3424	185.227		0.0
3425	185.189		0.0
3426	185.343		0.0
3427	185.337		0.0
3428	185.468		0.0
3429	185.63		0.0
3430	185.692		0.0
3431	185.806		0.0
3432	185.953		0.0
3433	185.954		0.0
3434	185.949		0.0
3435	185.924		0.0
3436	186.033		0.0
3437	186.138		0.0
3438	186.17		0.0
3439	186.509		0.0
3440	186.348		0.0
3441	186.343		0.0
3442	186.438		0.0
3443	186.633		0.0
3444	186.759		0.0
3445	186.632		0.0
3446	186.715		0.0
3447	186.894		0.0
3448	186.786		0.0
3449	186.963		0.0
3450	186.994		0.0
3451	187.325		0.0
3452	187.16		0.0
3453	187.334		0.0
3454	187.291		0.0
3455	187.505		0.0
3456	187.6		0.0
3457	187.499		0.0
3458	187.649		0.0
3459	187.762		0.0
3460	187.762		0.0
3461	187.816		0.0
3462	187.838		0.0
3463	188.027		0.0
3464	188.191		0.0
3465	188.102		0.0
3466	188.285		0.0
3467	188.315		0.0
3468	188.27		0.0
3469	188.589		0.0
3470	188.672		0.0
3471	188.614		0.0
3472	188.584		0.0
3473	188.729		0.0
3474	188.76		0.0
3475	188.953		0.0
3476	188.948		0.0
3477	188.941		0.0
3478	189.034		0.0
3479	189.15		0.0
3480	189.204		0.0
3481	189.205		0.0
3482	189.203		0.0
3483	189.434		0.0
3484	189.379		0.0
3485	189.342		0.0
3486	189.573		0.0
3487	189.561		0.0
3488	189.723		0.0
3489	189.669		0.0
3490	189.868		0.0
3491	189.83		0.0
3492	189.869		0.0
3493	189.944		0.0
3494	189.903		0.0
3495	190.016		0.0
3496	190.006		0.0
3497	190.173		0.0
3498	190.31		0.0
3499	190.36		0.0
3500	190.34		0.0
3501	190.331		0.0
3502	190.496		0.0
3503	190.53		0.0
3504	190.575		0.0
3505	190.705		0.0
3506	190.849		0.0
3507	190.997		0.0
3508	190.877		0.0
3509	191.116		0.0
3510	191.096		0.0
3511	191.043		0.0
3512	191.342		0.0
3513	191.27		0.0
3514	191.036		0.0
3515	191.346		0.0
3516	191.339		0.0
3517	191.321		0.0
3518	191.492		0.0
3519	191.582		0.0
3520	191.595		0.0
3521	191.688		0.0
3522	191.712		0.0
3523	191.618		0.0
3524	191.744		0.0
3525	191.803		0.0
3526	192.116		0.0
3527	192.123		0.0
3528	192.309		0.0
3529	192.036		0.0
3530	192.081		0.0
3531	192.366		0.0
3532	192.165		0.0
3533	192.406		0.0
3534	192.511		0.0
3535	192.656		0.0
3536	192.527		0.0
3537	192.716		0.0
3538	192.794		0.0
3539	192.707		0.0
3540	192.871		0.0
3541	192.952		0.0
3542	192.885		0.0
3543	192.982		0.0
3544	193.006		0.0
3545	193.168		0.0
3546	193.095		0.0
3547	193.272		0.0
3548	193.387		0.0
3549	193.379		0.0
3550	193.376		0.0
3551	193.535		0.0
3552	193.525		0.0
3553	193.59		0.0
3554	193.703		0.0
3555	193.758		0.0
3556	193.757		0.0
3557	193.858		0.0
3558	193.89		0.0
3559	193.99		0.0
3560	194.074		0.0
3561	194.047		0.0
3562	194.049		0.0
3563	194.176		0.0
3564	194.215		0.0
3565	194.193		0.0
3566	194.373		0.0
3567	194.504		0.0
3568	194.401		0.0
3569	194.535		0.0
3570	194.53		0.0
3571	194.76		0.0
3572	194.698		0.0
3573	194.75		0.0
3574	194.792		0.0
3575	195.012		0.0
3576	194.996		0.0
3577	194.989		0.0
3578	195.157		0.0
3579	195.299		0.0
3580	195.243		0.0
3581	195.355		0.0
3582	195.475		0.0
3583	195.583		0.0
3584	195.522		0.0
3585	195.681		0.0
3586	195.719		0.0
3587	195.75		0.0
3588	195.771		0.0
3589	195.795		0.0
3590	196.1		0.0
3591	196.043		0.0
3592	196.197		0.0
3593	196.264		0.0
3594	196.069		0.0
3595	196.403		0.0
3596	196.615		0.0
3597	196.57		0.0
3598	196.519		0.0
3599	196.597		0.0
3600	196.748		0.0
3601	196.74		0.0
3602	196.99		0.0
3603	197.013		0.0
3604	197.213		0.0
3605	197.046		0.0
3606	197.082		0.0
3607	197.488		0.0
3608	197.378		0.0
3609	197.637		0.0
3610	197.705		0.0
3611	197.417		0.0
3612	197.428		0.0
3613	197.498		0.0
3614	197.785		0.0
3615	197.707		0.0
3616	197.816		0.0
3617	197.989		0.0
3618	197.944		0.0
3619	197.879		0.0
3620	197.976		0.0
3621	197.946		0.0
3622	198.015		0.0
3623	198.161		0.0
3624	198.131		0.0
3625	198.14		0.0
3626	198.161		0.0
3627	198.241		0.0
3628	198.189		0.0
3629	198.232		0.0
3630	198.406		0.0
3631	198.38		0.0
3632	198.506		0.0
3633	198.509		0.0
3634	198.656		0.0
3635	198.714		0.0
3636	198.649		0.0
3637	198.805		0.0
3638	198.844		0.0
3639	198.988		0.0
3640	199.007		0.0
3641	199.007		0.0
3642	199.307		0.0
3643	199.264		0.0
3644	199.17		0.0
3645	199.357		0.0
3646	199.487		0.0
3647	199.447		0.0
3648	199.54		0.0
3649	199.558		0.0
3650	199.638		0.0
3651	199.938		0.0
3652	199.815		0.0
3653	199.778		0.0
3654	199.932		0.0
3655	200.068		0.0
3656	200.033		0.0
3657	200.133		0.0
3658	200.267		0.0
3659	200.252		0.0
3660	200.251		0.0
3661	200.323		0.0
3662	200.472		0.0
3663	200.579		0.0
3664	200.518		0.0
3665	200.63		0.0
3666	200.648		0.0
3667	200.769		0.0
3668	200.933		0.0
3669	200.812		0.0
3670	201.001		0.0
3671	201.179		0.0
3672	201.191		0.0
3673	201.291		0.0
3674	201.258		0.0
3675	201.424		0.0
3676	201.428		0.0
3677	201.47		0.0
3678	201.671		0.0
3679	201.567		0.0
3680	201.679		0.0
3681	201.861		0.0
3682	201.961		0.0
3683	201.996		0.0
3684	202.041		0.0
3685	202.226		0.0
3686	202.174		0.0
3687	202.11		0.0
3688	202.342		0.0
3689	202.317		0.0
3690	202.605		0.0
3691	202.364		0.0
3692	202.603		0.0
3693	202.563		0.0
3694	202.596		0.0
3695	202.758		0.0
3696	202.662		0.0
3697	202.993		0.0
3698	203.032		0.0
3699	203.149		0.0
3700	203.183		0.0
3701	203.322		0.0
3702	203.251		0.0
3703	203.293		0.0
3704	203.38		0.0
3705	203.481		0.0
3706	203.44		0.0
3707	203.686		0.0
3708	203.673		0.0
3709	203.766		0.0
3710	203.763		0.0
3711	203.834		0.0
3712	203.924		0.0
3713	204.088		0.0
3714	204.061		0.0
3715	204.084		0.0
3716	204.078		0.0
3717	204.318		0.0
3718	204.363		0.0
3719	204.287		0.0
3720	204.419		0.0
3721	204.593		0.0
3722	204.679		0.0
3723	204.696		0.0
3724	204.73		0.0
3725	204.858		0.0
3726	204.906		0.0
3727	205.025		0.0
3728	204.996		0.0
3729	205.102		0.0
3730	205.181		0.0
3731	205.208		0.0
3732	205.32		0.0
3733	205.335		0.0
3734	205.293		0.0
3735	205.263		0.0
3736	205.348		0.0
3737	205.369		0.0
3738	205.528		0.0
3739	205.573		0.0
3740	205.584		0.0
3741	205.791		0.0
3742	205.784		0.0
3743	205.783		0.0
3744	205.961		0.0
3745	205.919		0.0
3746	206.08		0.0
3747	205.961		0.0
3748	206.058		0.0
3749	206.049		0.0
3750	206.151		0.0
3751	206.247		0.0
3752	206.308		0.0
3753	206.399		0.0
3754	206.577		0.0
3755	206.44		0.0
3756	206.608		0.0
3757	206.607		0.0
3758	206.701		0.0
3759	206.776		0.0
3760	206.76		0.0
3761	206.975		0.0
3762	206.965		0.0
3763	207.009		0.0
3764	207.12		0.0
3765	207.195		0.0
3766	207.294		0.0
3767	207.191		0.0
3768	207.433		0.0
3769	207.42		0.0
3770	207.568		0.0
3771	207.622		0.0
3772	207.692		0.0
3773	207.651		0.0
3774	207.774		0.0
3775	207.855		0.0
3776	207.9		0.0
3777	207.921		0.0
3778	207.959		0.0
3779	208.097		0.0
3780	208.135		0.0
3781	208.209		0.0
3782	208.27		0.0
3783	208.166		0.0
3784	208.304		0.0
3785	208.388		0.0
3786	208.361		0.0
3787	208.495		0.0
3788	208.491		0.0
3789	208.574		0.0
3790	208.556		0.0
3791	208.689		0.0
3792	208.683		0.0
3793	208.789		0.0
3794	208.908		0.0
3795	208.964		0.0
3796	208.916		0.0
3797	209.006		0.0
3798	209.017		0.0
3799	209.109		0.0
3800	209.262		0.0
3801	209.266		0.0
3802	209.256		0.0
3803	209.245		0.0
3804	209.302		0.0
3805	209.343		0.0
3806	209.507		0.0
3807	209.51		0.0
3808	209.541		0.0
3809	209.413		0.0
3810	209.625		0.0
3811	209.594		0.0
3812	209.566		0.0
3813	209.6		0.0
3814	209.663		0.0
3815	209.809		0.0
3816	209.756		0.0
3817	209.746		0.0
3818	209.79		0.0
3819	209.891		0.0
3820	209.901		0.0
3821	210.081		0.0
3822	209.97		0.0
3823	209.938		0.0
3824	210.01		0.0
3825	210.09		0.0
3826	210.054		0.0
3827	209.913		0.0
3828	209.995		0.0
3829	209.934		0.0
3830	210.061		0.0
3831	210.114		0.0
3832	210.044		0.0
3833	209.965		0.0
3834	209.998		0.0
3834	209.998		0.1
3834	209.998		0.2
3834	209.998		0.3
3834	209.998		0.4
3834	209.998		0.5
3834	209.998		0.6
3834	209.998		0.7
3834	209.998		0.8
3834	209.998		0.9
3834	209.998		1.0
3835	210.144		1.0
3836	210.1		1.0
3837	209.957		1.0
3838	209.995		1.0
3839	209.995		1.0
3840	210.051		1.0
3841	210.071		1.0
3842	210.03		1.0
3843	210.045		1.0
3844	210.016		1.0
3845	209.992		1.0
3846	209.997		1.0
3847	209.99		1.0
3848	210.128		1.0
3849	209.992		1.0
3850	209.896		1.0
3851	209.868		1.0
3852	209.867		1.0
3853	209.778		1.0
3854	209.874		1.0
3855	209.908		1.0
3856	209.856		1.0
3857	209.778		1.0
3858	209.716		1.0
3859	209.787		1.0
3860	209.665		1.0
3861	209.657		1.0
3862	209.662		1.0
3863	209.616		1.0
3864	209.599		1.0
3865	209.638		1.0
3866	209.687		1.0
3867	209.64		1.0
3868	209.617		1.0
3869	209.677		1.0
3870	209.57		1.0
3871	209.697		1.0
3872	209.706		1.0
3873	209.674		1.0
3874	209.59		1.0
3875	209.685		1.0
3876	209.496		1.0
3877	209.652		1.0
3878	209.51		1.0
3879	209.475		1.0
3880	209.445		1.0
3881	209.483		1.0
3882	209.498		1.0
3883	209.409		1.0
3884	209.512		1.0
3885	209.402		1.0
3886	209.37		1.0
3887	209.569		1.0
3888	209.388		1.0
3889	209.41		1.0
3890	209.398		1.0
3891	209.263		1.0
3892	209.424		1.0
3893	209.388		1.0
3894	209.366		1.0
3895	209.35		1.0
3896	209.281		1.0
3897	209.404		1.0
3898	209.338		1.0
3899	209.37		1.0
3900	209.302		1.0
3901	209.287		1.0
3902	209.214		1.0
3903	209.178		1.0
3904	208.986		1.0
3905	209.139		1.0
3906	209.14		1.0
3907	208.719		1.0
3908	208.982		1.0
3909	208.808		1.0
3910	208.866		1.0
3911	208.695		1.0
3912	208.922		1.0
3913	208.702		1.0
3914	208.634		1.0
3915	208.481		1.0
3915	208.481		1.1
3915	208.481		1.2
3915	208.481		1.3
3915	208.481		1.4
3915	208.481		1.5
3915	208.481		1.6
3915	208.481		1.7
3915	208.481		1.8
3915	208.481		1.9
3915	208.481		2.0
3916	208.482		2.0
3917	208.368		2.0
3918	208.317		2.0
3919	208.275		2.0
3920	208.425		2.0
3921	208.208		2.0
3922	208.422		2.0
3923	207.951		2.0
3924	208.062		2.0
3925	207.731		2.0
3926	207.761		2.0
3927	207.553		2.0
3928	207.63		2.0
3929	207.502		2.0
3930	207.393		2.0
3931	207.216		2.0
3932	207.3		2.0
3933	207.228		2.0
3934	207.189		2.0
3935	207.057		2.0
3936	207.093		2.0
3937	206.917		2.0
3938	206.947		2.0
3939	206.926		2.0
3940	206.743		2.0
3941	206.678		2.0
3942	206.766		2.0
3943	206.698		2.0
3944	206.49		2.0
3945	206.663		2.0
3946	206.576		2.0
3947	206.472		2.0
3948	206.397		2.0
3949	206.392		2.0
3950	206.357		2.0
3951	206.234		2.0
3952	206.163		2.0
3953	206.186		2.0
3954	206.098		2.0
3955	206.034		2.0
3956	205.951		2.0
3957	205.929		2.0
3958	205.855		2.0
3959	205.89		2.0
3960	205.749		2.0
3961	205.654		2.0
3962	205.562		2.0
3963	205.546		2.0
3964	205.4		2.0
3965	205.325		2.0
3966	205.326		2.0
3967	205.202		2.0
3968	205.126		2.0
3969	205.021		2.0
3970	204.943		2.0
3971	204.784		2.0
3972	204.71		2.0
3973	204.625		2.0
3974	204.52		2.0
3975	204.493		2.0
3976	204.312		2.0
3977	204.29		2.0
3978	204.168		2.0
3979	204.021		2.0
3980	204.038		2.0
3981	203.804		2.0
3982	203.775		2.0
3983	203.717		2.0
3984	203.544		2.0
3985	203.385		2.0
3986	203.398		2.0
3987	203.294		2.0
3988	203.191		2.0
3989	203.145		2.0
3990	203.082		2.0
3991	202.956		2.0
3992	202.862		2.0
3993	202.803		2.0
3994	202.611		2.0
3995	202.649		2.0
3996	202.467		2.0
3997	202.477		2.0
3998	202.334		2.0
3999	202.252		2.0
4000	202.17		2.0
4001	201.996		2.0
4002	202.108		2.0
4003	201.923		2.0
4004	201.682		2.0
4005	201.586		2.0
4006	201.567		2.0
4007	201.466		2.0
4008	201.37		2.0
4009	201.172		2.0
4010	201.27		2.0
4011	201.083		2.0
4012	200.901		2.0
4013	200.941		2.0
4014	200.637		2.0
4015	200.59		2.0
4016	200.494		2.0
4017	200.173		2.0
4018	200.183		2.0
4019	199.998		2.0
4020	199.8		2.0
4021	199.836		2.0
4022	199.701		2.0
4023	199.595		2.0
4024	199.54		2.0
4025	199.412		2.0
4026	199.369		2.0
4027	199.275		2.0
4028	199.09		2.0
4029	199.163		2.0
4030	198.931		2.0
4031	198.905		2.0
4032	198.703		2.0
4033	198.68		2.0
4034	198.66		2.0
4035	198.515		2.0
4036	198.34		2.0
4037	198.441		2.0
4038	198.302		2.0
4039	198.254		2.0
4040	198.09		2.0
4041	197.992		2.0
4042	197.799		2.0
4043	197.753		2.0
4044	197.696		2.0
4045	197.771		2.0
4046	197.572		2.0
4047	197.468		2.0
4048	197.472		2.0
4049	197.3		2.0
4050	197.145		2.0
4051	197.074		2.0
4052	196.962		2.0
4053	196.853		2.0
4054	196.789		2.0
4055	196.715		2.0
4056	196.783		2.0
4057	196.581		2.0
4058	196.474		2.0
4059	196.327		2.0
4060	196.272		2.0
4061	196.217		2.0
4062	196.066		2.0
4063	195.987		2.0
4064	195.875		2.0
4065	195.753		2.0
4066	195.677		2.0
4067	195.621		2.0
4068	195.341		2.0
4069	195.287		2.0
4070	195.251		2.0
4071	195.214		2.0
4072	195.19		2.0
4073	194.992		2.0
4074	194.845		2.0
4075	194.847		2.0
4076	194.673		2.0
4077	194.478		2.0
4078	194.556		2.0
4079	194.267		2.0
4080	194.25		2.0
4081	194.204		2.0
4082	193.825		2.0
4083	193.758		2.0
4084	193.826		2.0
4085	193.703		2.0
4086	193.519		2.0
4087	193.348		2.0
4088	193.279		2.0
4089	193.214		2.0
4090	193.07		2.0
4091	192.909		2.0
4092	192.862		2.0
4093	192.767		2.0
4094	192.983		2.0
4095	192.62		2.0
4096	192.547		2.0
4097	192.513		2.0
4098	192.253		2.0
4099	192.209		2.0
4100	192.096		2.0
4101	191.842		2.0
4102	191.738		2.0
4103	191.933		2.0
4104	191.741		2.0
4105	191.65		2.0
4106	191.725		2.0
4107	191.371		2.0
4108	191.278		2.0
4109	191.166		2.0
4110	191.028		2.0
4111	190.964		2.0
4112	190.813		2.0
4113	190.731		2.0
4114	190.765		2.0
4115	190.572		2.0
4116	190.45		2.0
4117	190.46		2.0
4118	190.242		2.0
4119	190.303		2.0
4120	190.041		2.0
4121	190.081		2.0
4122	189.811		2.0
4123	189.799		2.0
4124	189.584		2.0
4125	189.473		2.0
4126	189.455		2.0
4127	189.292		2.0
4128	189.18		2.0
4129	189.02		2.0
4130	188.96		2.0
4131	188.689		2.0
4132	188.687		2.0
4133	188.476		2.0
4134	188.352		2.0
4135	188.305		2.0
4136	188.232		2.0
4137	187.973		2.0
4138	187.973		2.0
4139	187.897		2.0
4140	187.786		2.0
4141	187.595		2.0
4142	187.677		2.0
4143	187.478		2.0
4144	187.211		2.0
4145	187.331		2.0
4146	187.144		2.0
4147	186.882		2.0
4148	186.986		2.0
4149	186.743		2.0
4150	186.708		2.0
4151	186.645		2.0
4152	186.41		2.0
4153	186.331		2.0
4154	186.224		2.0
4155	186.27		2.0
4156	186.008		2.0
4157	186.038		2.0
4158	185.882		2.0
4159	185.773		2.0
4160	185.446		2.0
4161	185.445		2.0
4162	185.256		2.0
4163	185.331		2.0
4164	185.106		2.0
4165	185.106		2.0
4166	184.802		2.0
4167	184.731		2.0
4168	184.584		2.0
4169	184.532		2.0
4170	184.35		2.0
4171	184.345		2.0
4172	184.218		2.0
4173	184.035		2.0
4174	184.003		2.0
4175	183.598		2.0
4176	183.637		2.0
4177	183.553		2.0
4178	183.371		2.0
4179	183.333		2.0
4180	183.234		2.0
4181	182.961		2.0
4182	183.036		2.0
4183	182.699		2.0
4184	182.589		2.0
4185	182.701		2.0
4186	182.435		2.0
4187	182.38		2.0
4188	182.276		2.0
4189	182.194		2.0
4190	182.097		2.0
4191	181.958		2.0
4192	181.748		2.0
4193	181.668		2.0
4194	181.434		2.0
4195	181.53		2.0
4196	181.206		2.0
4197	181.334		2.0
4198	181.159		2.0
4199	180.944		2.0
4200	180.936		2.0
4201	180.641		2.0
4202	180.666		2.0
4203	180.583		2.0
4204	180.424		2.0
4205	180.378		2.0
4206	180.24		2.0
4207	180.093		2.0
4208	180.125		2.0
4209	180.011		2.0
4210	179.887		2.0
4211	179.732		2.0
4212	179.617		2.0
4213	179.638		2.0
4214	179.407		2.0
4215	179.274		2.0
4216	179.244		2.0
4217	179.192		2.0
4218	179.029		2.0
4219	178.855		2.0
4220	178.657		2.0
4221	178.522		2.0
4222	178.385		2.0
4223	178.471		2.0
4224	178.282		2.0
4225	178.028		2.0
4226	177.971		2.0
4227	177.929		2.0
4228	177.809		2.0
4229	177.665		2.0
4230	177.493		2.0
4231	177.484		2.0
4232	177.157		2.0
4233	177.113		2.0
4234	176.844		2.0
4235	176.697		2.0
4236	176.495		2.0
4237	176.374		2.0
4238	176.424		2.0
4239	176.272		2.0
4240	176.089		2.0
4241	175.899		2.0
4242	175.684		2.0
4243	175.548		2.0
4244	175.448		2.0
4245	175.389		2.0
4246	175.198		2.0
4247	175.002		2.0
4248	175.057		2.0
4249	174.861		2.0
4250	174.727		2.0
4251	174.538		2.0
4252	174.303		2.0
4253	174.375		2.0
4254	174.103		2.0
4255	174.032		2.0
4256	173.972		2.0
4257	173.87		2.0
4258	173.504		2.0
4259	173.653		2.0
4260	173.356		2.0
4261	173.295		2.0
4262	173.143		2.0
4263	173.049		2.0
4264	172.928		2.0
4265	172.838		2.0
4266	172.721		2.0
4267	172.669		2.0
4268	172.476		2.0
4269	172.282		2.0
4270	172.322		2.0
4271	172.113		2.0
4272	172.053		2.0
4273	171.878		2.0
4274	171.644		2.0
4275	171.516		2.0
4276	171.326		2.0
4277	171.258		2.0
4278	171.239		2.0
4279	171.000		2.0
4280	170.992		2.0
4281	170.737		2.0
4282	170.825		2.0
4283	170.608		2.0
4284	170.347		2.0
4285	170.398		2.0
4286	170.227		2.0
4287	170.278		2.0
4288	169.991		2.0
4289	169.936		2.0
4290	169.681		2.0
4291	169.628		2.0
4292	169.494		2.0
4293	169.389		2.0
4294	169.205		2.0
4295	169.147		2.0
4296	168.949		2.0
4297	168.821		2.0
4298	168.604		2.0
4299	168.501		2.0
4300	168.384		2.0
4301	168.234		2.0
4302	168.073		2.0
4303	168.095		2.0
4304	167.823		2.0
4305	167.794		2.0
4306	167.613		2.0
4307	167.458		2.0
4308	167.286		2.0
4309	167.261		2.0
4310	167.11		2.0
4311	166.925		2.0
4312	166.907		2.0
4313	166.714		2.0
4314	166.707		2.0
4315	166.522		2.0
4316	166.327		2.0
4317	166.205		2.0
4318	166.088		2.0
4319	166.03		2.0
4320	165.767		2.0
4321	165.481		2.0
4322	165.463		2.0
4323	165.284		2.0
4324	165.257		2.0
4325	164.95		2.0
4326	165.032		2.0
4327	164.903		2.0
4328	164.552		2.0
4329	164.543		2.0
4330	164.19		2.0
4331	164.143		2.0
4332	164.092		2.0
4333	163.843		2.0
4334	163.641		2.0
4335	163.388		2.0
4336	163.431		2.0
4337	163.251		2.0
4338	163.339		2.0
4339	163.041		2.0
4340	162.879		2.0
4341	162.628		2.0
4342	162.598		2.0
4343	162.092		2.0
4344	162.382		2.0
4345	161.723		2.0
4346	161.842		2.0
4347	161.563		2.0
4348	161.616		2.0
4349	161.521		2.0
4350	161.235		2.0
4351	161.233		2.0
4352	161.000		2.0
4353	160.787		2.0
4354	160.735		2.0
4355	160.512		2.0
4356	160.122		2.0
4357	160.18		2.0
4358	159.844		2.0
4359	159.669		2.0
4360	159.843		2.0
4361	159.459		2.0
4362	159.633		2.0
4363	159.178		2.0
4364	159.079		2.0
4365	158.835		2.0
4366	158.594		2.0
4367	158.683		2.0
4368	158.454		2.0
4369	158.099		2.0
4370	157.602		2.0
4371	157.803		2.0
4372	157.512		2.0
4373	157.231		2.0
4374	157.11		2.0
4375	156.737		2.0
4376	156.662		2.0
4376	156.662		2.1
4376	156.662		2.2
4376	156.662		2.3
4376	156.662		2.4
4376	156.662		2.5
4376	156.662		2.6
4376	156.662		2.7
4376	156.662		2.8
4376	156.662		2.9
4376	156.662		3.0
4377	156.408		3.0
4378	156.059		3.0
4379	156.2		3.0
4380	155.742		3.0
4381	155.715		3.0
4382	155.459		3.0
4383	155.37		3.0
4384	154.934		3.0
4385	154.76		3.0
4386	154.45		3.0
4387	154.507		3.0
4388	154.241		3.0
4389	154.179		3.0
4390	153.658		3.0
4391	153.561		3.0
4392	153.423		3.0
4393	153.392		3.0
4394	152.977		3.0
4395	152.876		3.0
4396	152.745		3.0
4397	152.301		3.0
4398	152.135		3.0
4399	151.884		3.0
4400	152.035		3.0
4401	151.51		3.0
4402	151.287		3.0
4403	151.054		3.0
4404	150.959		3.0
4405	150.633		3.0
4406	150.422		3.0
4407	150.327		3.0
4408	149.986		3.0
4409	149.898		3.0
4410	149.734		3.0
4411	149.496		3.0
4412	149.185		3.0
4413	149.017		3.0
4414	148.872		3.0
4415	148.832		3.0
4416	148.635		3.0
4417	148.424		3.0
4418	147.984		3.0
4419	147.877		3.0
4420	147.676		3.0
4421	147.444		3.0
4422	147.269		3.0
4423	146.984		3.0
4424	146.679		3.0
4425	146.542		3.0
4426	146.39		3.0
4427	146.29		3.0
4428	145.882		3.0
4429	145.677		3.0
4430	145.518		3.0
4431	145.202		3.0
4432	145.03		3.0
4433	144.807		3.0
4434	144.458		3.0
4435	144.446		3.0
4436	144.07		3.0
4437	143.926		3.0
4438	143.572		3.0
4439	143.473		3.0
4440	143.089		3.0
4441	142.999		3.0
4442	142.589		3.0
4443	142.432		3.0
4444	142.166		3.0
4445	142.045		3.0
4446	141.635		3.0
4447	141.567		3.0
4448	141.324		3.0
4449	140.964		3.0
4450	140.803		3.0
4451	140.524		3.0
4452	140.349		3.0
4453	140.059		3.0
4454	140.012		3.0
4455	139.697		3.0
4456	139.601		3.0
4457	139.255		3.0
4458	139.067		3.0
4459	138.762		3.0
4460	138.654		3.0
4461	138.404		3.0
4462	138.124		3.0
4463	137.915		3.0
4464	137.918		3.0
4465	137.479		3.0
4466	137.342		3.0
4467	137.224		3.0
4468	136.953		3.0
4469	136.56		3.0
4470	136.282		3.0
4471	136.1		3.0
4472	135.929		3.0
4473	135.899		3.0
4474	135.591		3.0
4475	135.196		3.0
4476	135.223		3.0
4477	134.84		3.0
4478	134.66		3.0
4479	134.484		3.0
4480	134.359		3.0
4481	134.175		3.0
4482	133.742		3.0
4483	133.708		3.0
4484	133.371		3.0
4485	132.905		3.0
4486	132.968		3.0
4487	132.762		3.0
4488	132.492		3.0
4489	132.078		3.0
4490	131.996		3.0
4491	131.746		3.0
4492	131.365		3.0
4493	131.075		3.0
4494	130.816		3.0
4495	130.659		3.0
4496	130.521		3.0
4497	130.08		3.0
4498	129.943		3.0
4499	129.603		3.0
4500	129.35		3.0
4501	129.167		3.0
4502	128.821		3.0
4503	128.682		3.0
4504	128.43		3.0
4505	128.19		3.0
4506	128.028		3.0
4507	127.577		3.0
4508	127.417		3.0
4509	127.209		3.0
4510	126.899		3.0
4511	126.632		3.0
4512	126.48		3.0
4513	126.155		3.0
4514	125.86		3.0
4515	125.812		3.0
4516	125.535		3.0
4517	125.226		3.0
4518	124.978		3.0
4519	124.827		3.0
4520	124.606		3.0
4521	124.399		3.0
4522	124.139		3.0
4523	123.899		3.0
4524	123.799		3.0
4525	123.577		3.0
4526	123.251		3.0
4527	123.181		3.0
4528	122.88		3.0
4529	122.787		3.0
4530	122.575		3.0
4531	122.178		3.0
4532	122.031		3.0
4533	121.803		3.0
4534	121.596		3.0
4535	121.597		3.0
4536	121.301		3.0
4537	120.995		3.0
4538	120.876		3.0
4539	120.558		3.0
4540	120.366		3.0
4541	120.156		3.0
4542	119.939		3.0
4543	119.665		3.0
4544	119.403		3.0
4545	119.161		3.0
4546	118.897		3.0
4547	118.729		3.0
4548	118.355		3.0
4549	118.321		3.0
4550	118.045		3.0
4551	117.796		3.0
4552	117.567		3.0
4553	117.45		3.0
4554	117.11		3.0
4555	116.865		3.0
4556	116.616		3.0
4557	116.45		3.0
4558	116.191		3.0
4559	116.129		3.0
4560	115.878		3.0
4561	115.447		3.0
4562	115.254		3.0
4563	115.268		3.0
4564	114.963		3.0
4565	114.728		3.0
4566	114.573		3.0
4567	114.483		3.0
4568	114.336		3.0
4569	114.019		3.0
4570	113.857		3.0
4571	113.576		3.0
4572	113.41		3.0
4573	113.247		3.0
4574	113.019		3.0
4575	112.826		3.0
4576	112.545		3.0
4577	112.461		3.0
4578	112.299		3.0
4579	112.081		3.0
4580	111.897		3.0
4581	111.552		3.0
4582	111.424		3.0
4583	111.128		3.0
4584	111.09		3.0
4585	110.87		3.0
4586	110.675		3.0
4587	110.467		3.0
4588	110.192		3.0
4589	110.04		3.0
4589	110.04		3.1
4589	110.04		3.2
4589	110.04		3.3
4589	110.04		3.4
4589	110.04		3.5
4589	110.04		3.6
4589	110.04		3.7
4589	110.04		3.8
4589	110.04		3.9
4589	110.04		4.0
4590	109.9		4.0
4591	109.676		4.0
4592	109.464		4.0
4593	109.266		4.0
4594	109.155		4.0
4595	108.981		4.0
4596	108.706		4.0
4597	108.648		4.0
4598	108.351		4.0
4599	108.16		4.0
4600	107.994		4.0
4601	107.795		4.0
4602	107.619		4.0
4603	107.535		4.0
4604	107.217		4.0
4605	107.124		4.0
4606	106.943		4.0
4607	106.761		4.0
4608	106.497		4.0
4609	106.295		4.0
4610	106.174		4.0
4611	106.004		4.0
4612	105.846		4.0
4613	105.747		4.0
4614	105.524		4.0
4615	105.44		4.0
4616	105.13		4.0
4617	105.01		4.0
4618	104.841		4.0
4619	104.721		4.0
4620	104.567		4.0
4621	104.542		4.0
4622	104.257		4.0
4623	104.183		4.0
4624	104.074		4.0
4625	103.794		4.0
4626	103.705		4.0
4627	103.486		4.0
4628	103.412		4.0
4629	103.198		4.0
4630	103.167		4.0
4631	103.044		4.0
4632	102.85		4.0
4633	102.747		4.0
4634	102.533		4.0
4635	102.418		4.0
4636	102.334		4.0
4637	102.28		4.0
4638	102.154		4.0
4639	102.016		4.0
4640	101.934		4.0
4641	101.709		4.0
4642	101.591		4.0
4643	101.45		4.0
4644	101.449		4.0
4645	101.32		4.0
4646	101.212		4.0
4647	101.114		4.0
4648	100.986		4.0
4649	100.831		4.0
4650	100.742		4.0
4651	100.743		4.0
4652	100.515		4.0
4653	100.455		4.0
4654	100.371		4.0
4655	100.316		4.0
4656	100.185		4.0
4657	100.107		4.0
4658	99.8945		4.0
4659	99.9067		4.0
4660	99.824		4.0
4661	99.7482		4.0
4662	99.6458		4.0
4663	99.5963		4.0
4664	99.5073		4.0
4665	99.4912		4.0
4666	99.3989		4.0
4667	99.2831		4.0
4668	99.1924		4.0
4669	99.2103		4.0
4670	99.1379		4.0
4671	98.9844		4.0
4672	98.9405		4.0
4673	98.8958		4.0
4674	98.8238		4.0
4675	98.7789		4.0
4676	98.7225		4.0
4677	98.6919		4.0
4678	98.6247		4.0
4679	98.5747		4.0
4680	98.4729		4.0
4681	98.4863		4.0
4682	98.375		4.0
4683	98.3026		4.0
4684	98.3663		4.0
4685	98.2586		4.0
4686	98.1957		4.0
4687	98.1842		4.0
4688	98.1249		4.0
4689	98.0354		4.0
4690	97.9778		4.0
4691	97.8584		4.0
4692	97.7822		4.0
4693	97.8831		4.0
4694	97.812		4.0
4695	97.8008		4.0
4696	97.6763		4.0
4697	97.6556		4.0
4698	97.6654		4.0
4699	97.6486		4.0
4700	97.5467		4.0
4701	97.6079		4.0
4702	97.6495		4.0
4703	97.5974		4.0
4704	97.5601		4.0
4705	97.5783		4.0
4706	97.6834		4.0
4707	97.5984		4.0
4708	97.6621		4.0
4709	97.6515		4.0
4710	97.6129		4.0
4711	97.5926		4.0
4712	97.5997		4.0
4713	97.6944		4.0
4714	97.6741		4.0
4715	97.636		4.0
4716	97.7359		4.0
4717	97.612		4.0
4718	97.6553		4.0
4719	97.5973		4.0
4720	97.7212		4.0
4721	97.7336		4.0
4722	97.6961		4.0
4723	97.7731		4.0
4724	97.729		4.0
4725	97.8388		4.0
4726	97.8221		4.0
4727	97.8294		4.0
4728	97.7785		4.0
4729	97.8217		4.0
4730	98.0034		4.0
4731	97.9715		4.0
4732	97.9776		4.0
4733	98.0636		4.0
4734	98.047		4.0
4735	98.1588		4.0
4736	98.1851		4.0
4737	98.2519		4.0
4738	98.3363		4.0
4739	98.2239		4.0
4740	98.4147		4.0
4741	98.4077		4.0
4742	98.4567		4.0
4743	98.5393		4.0
4744	98.6483		4.0
4745	98.6584		4.0
4746	98.7467		4.0
4747	98.8876		4.0
4748	98.8537		4.0
4749	98.9803		4.0
4750	99.0274		4.0
4751	99.1233		4.0
4752	99.2724		4.0
4753	99.3135		4.0
4754	99.5333		4.0
4755	99.5506		4.0
4756	99.69		4.0
4757	99.8523		4.0
4758	99.8837		4.0
4759	99.9411		4.0
4760	100.18		4.0
4761	100.263		4.0
4762	100.419		4.0
4763	100.611		4.0
4764	100.643		4.0
4765	100.782		4.0
4766	100.927		4.0
4767	100.941		4.0
4768	101.173		4.0
4769	101.274		4.0
4770	101.441		4.0
4771	101.563		4.0
4772	101.78		4.0
4773	101.88		4.0
4774	101.997		4.0
4775	102.232		4.0
4776	102.353		4.0
4777	102.435		4.0
4778	102.809		4.0
4779	102.785		4.0
4780	103.051		4.0
4781	103.092		4.0
4782	103.26		4.0
4783	103.435		4.0
4784	103.634		4.0
4785	103.792		4.0
4786	103.922		4.0
4787	104.036		4.0
4788	104.243		4.0
4789	104.511		4.0
4790	104.671		4.0
4791	104.721		4.0
4792	104.933		4.0
4793	105.062		4.0
4794	105.224		4.0
4795	105.405		4.0
4796	105.458		4.0
4797	105.691		4.0
4798	105.815		4.0
4799	106.011		4.0
4800	106.116		4.0
4801	106.41		4.0
4802	106.587		4.0
4803	106.762		4.0
4804	106.887		4.0
4805	107.003		4.0
4806	107.301		4.0
4807	107.545		4.0
4808	107.747		4.0
4809	107.769		4.0
4810	108.085		4.0
4811	108.305		4.0
4812	108.412		4.0
4813	108.767		4.0
4814	108.897		4.0
4815	109.166		4.0
4816	109.361		4.0
4817	109.603		4.0
4818	109.903		4.0
4819	110.091		4.0
4820	110.286		4.0
4821	110.573		4.0
4822	110.894		4.0
4823	111.087		4.0
4824	111.314		4.0
4825	111.652		4.0
4826	111.962		4.0
4827	112.085		4.0
4828	112.326		4.0
4829	112.652		4.0
4830	112.853		4.0
4831	113.158		4.0
4832	113.393		4.0
4833	113.688		4.0
4834	113.995		4.0
4835	114.274		4.0
4836	114.445		4.0
4837	114.805		4.0
4838	115.083		4.0
4839	115.417		4.0
4840	115.693		4.0
4841	115.994		4.0
4842	116.329		4.0
4843	116.638		4.0
4844	116.829		4.0
4845	117.106		4.0
4846	117.529		4.0
4847	117.79		4.0
4848	118.178		4.0
4849	118.38		4.0
4850	118.72		4.0
4851	119.05		4.0
4852	119.385		4.0
4853	119.714		4.0
4854	120.037		4.0
4855	120.383		4.0
4856	120.684		4.0
4857	120.983		4.0
4858	121.376		4.0
4859	121.644		4.0
4860	122.076		4.0
4861	122.353		4.0
4862	122.814		4.0
4863	123.129		4.0
4864	123.481		4.0
4865	123.722		4.0
4866	124.098		4.0
4867	124.463		4.0
4868	124.917		4.0
4869	125.215		4.0
4870	125.621		4.0
4871	125.923		4.0
4872	126.252		4.0
4873	126.684		4.0
4874	127.022		4.0
4875	127.425		4.0
4876	127.707		4.0
4877	128.164		4.0
4878	128.444		4.0
4879	129.014		4.0
4880	129.255		4.0
4881	129.748		4.0
4882	130.125		4.0
4883	130.559		4.0
4884	130.942		4.0
4885	131.267		4.0
4886	131.769		4.0
4887	132.074		4.0
4888	132.622		4.0
4889	132.744		4.0
4890	133.342		4.0
4891	133.718		4.0
4892	134.131		4.0
4893	134.588		4.0
4894	134.908		4.0
4895	135.343		4.0
4896	135.795		4.0
4897	136.146		4.0
4898	136.786		4.0
4899	136.719		4.0
4900	137.471		4.0
